Segments	Energy	Value	Error
1	1e-05	0.0	0.0
1	1.16678e-05	0.0	0.0
1	1.36138e-05	0.0	0.0
1	1.58843e-05	0.0	0.0
1	1.85336e-05	0.0	0.0
1	2.16246e-05	0.0	0.0
1	2.52312e-05	0.0	0.0
1	2.94393e-05	0.0	0.0
1	3.43493e-05	0.0	0.0
1	4.00781e-05	0.0	0.0
1	4.67624e-05	0.0	0.0
1	5.45616e-05	0.0	0.0
1	6.36614e-05	0.0	0.0
1	7.4279e-05	0.0	0.0
1	8.66674e-05	0.0	0.0
1	0.000101122	0.0	0.0
1	0.000117987	0.0	0.0
1	0.000137665	0.0	0.0
1	0.000160626	0.0	0.0
1	0.000187415	0.0	0.0
1	0.000218672	0.0	0.0
1	0.000255143	0.0	0.0
1	0.000297696	0.0	0.0
1	0.000347347	0.0	0.0
1	0.000405278	0.0	0.0
1	0.000472871	0.0	0.0
1	0.000551737	0.0	0.0
1	0.000643757	0.0	0.0
1	0.000751124	0.0	0.0
1	0.000876398	0.0	0.0
1	0.00102257	1.57274e-07	0.0078
1	0.00119311	1.34877e-06	0.003
1	0.0013921	1.89303e-06	0.003
1	0.00162428	2.5514e-06	0.003
1	0.00189518	4.06653e-07	0.0031
1	0.00221126	5.96067e-07	0.0031
1	0.00258006	8.68296e-07	0.0031
1	0.00301036	1.28614e-06	0.0031
1	0.00351244	1.92061e-06	0.0032
1	0.00409825	2.89611e-06	0.0032
1	0.00478176	4.43833e-06	0.0032
1	0.00557927	6.80404e-06	0.0032
1	0.0065098	1.08355e-05	0.0031
1	0.00759551	1.56675e-05	0.0032
1	0.00886231	2.94908e-05	0.0029
1	0.0103404	3.67104e-05	0.0032
1	0.012065	5.57343e-05	0.0033
1	0.0140772	8.42564e-05	0.0033
1	0.016425	0.000130716	0.0033
1	0.0191644	0.00019824	0.0033
1	0.0223607	0.000297937	0.0032
1	0.02609	0.000433227	0.0031
1	0.0304414	0.000615753	0.003
1	0.0355185	0.000866492	0.0029
1	0.0414423	0.00126753	0.0026
1	0.0483541	0.0020073	0.0023
1	0.0564187	0.00392676	0.0018
1	0.0658283	0.00569099	0.0015
1	0.0768073	0.00328923	0.0019
1	0.0896174	0.00355729	0.0019
1	0.104564	0.00418274	0.0017
1	0.122003	0.00485369	0.0016
1	0.142351	0.00553939	0.0015
1	0.166093	0.00615736	0.0014
1	0.193794	0.00673263	0.0013
1	0.226116	0.00700666	0.0013
1	0.263828	0.00698674	0.0013
1	0.307829	0.00649809	0.0013
1	0.35917	0.00614194	0.0014
1	0.419073	0.00597222	0.0014
1	0.488966	0.00584583	0.0014
1	0.570517	0.00952761	0.0012
1	0.665669	0.00526149	0.0013
1	0.776691	0.0051181	0.0013
1	0.906229	0.00501025	0.0013
1	1.05737	0.00489378	0.0013
1	1.23372	0.004819	0.0013
1	1.43948	0.00474031	0.0013
1	1.67956	0.00465198	0.0014
1	1.95969	0.00456546	0.0014
1	2.28653	0.00448797	0.0014
1	2.66788	0.00439703	0.0014
1	3.11283	0.00431462	0.0014
1	3.63199	0.00424268	0.0014
1	4.23774	0.00414092	0.0014
1	4.94452	0.00403559	0.0014
1	5.76918	0.00395236	0.0014
1	6.73138	0.00382972	0.0015
1	7.85405	0.00371145	0.0015
1	9.16396	0.00356673	0.0015
1	10.6923	0.00343213	0.0015
1	12.4756	0.00327722	0.0016
1	14.5563	0.00311861	0.0016
1	16.9841	0.00295037	0.0016
1	19.8167	0.00278047	0.0017
1	23.1218	0.00259357	0.0017
1	26.9781	0.00241426	0.0018
1	31.4775	0.00221809	0.0019
1	36.7274	0.00199368	0.002
1	42.8529	0.00166682	0.0022
1	50.0	0.000865901	0.003
2	1e-05	0.0	0.0
2	1.16678e-05	0.0	0.0
2	1.36138e-05	0.0	0.0
2	1.58843e-05	0.0	0.0
2	1.85336e-05	0.0	0.0
2	2.16246e-05	0.0	0.0
2	2.52312e-05	0.0	0.0
2	2.94393e-05	0.0	0.0
2	3.43493e-05	0.0	0.0
2	4.00781e-05	0.0	0.0
2	4.67624e-05	0.0	0.0
2	5.45616e-05	0.0	0.0
2	6.36614e-05	0.0	0.0
2	7.4279e-05	0.0	0.0
2	8.66674e-05	0.0	0.0
2	0.000101122	0.0	0.0
2	0.000117987	0.0	0.0
2	0.000137665	0.0	0.0
2	0.000160626	0.0	0.0
2	0.000187415	0.0	0.0
2	0.000218672	0.0	0.0
2	0.000255143	0.0	0.0
2	0.000297696	0.0	0.0
2	0.000347347	0.0	0.0
2	0.000405278	0.0	0.0
2	0.000472871	0.0	0.0
2	0.000551737	0.0	0.0
2	0.000643757	0.0	0.0
2	0.000751124	0.0	0.0
2	0.000876398	0.0	0.0
2	0.00102257	1.58279e-07	0.0078
2	0.00119311	1.37578e-06	0.003
2	0.0013921	1.95867e-06	0.003
2	0.00162428	2.67509e-06	0.0029
2	0.00189518	4.17755e-07	0.003
2	0.00221126	6.07069e-07	0.0031
2	0.00258006	8.91677e-07	0.0031
2	0.00301036	1.32143e-06	0.0031
2	0.00351244	1.97648e-06	0.0031
2	0.00409825	2.97424e-06	0.0031
2	0.00478176	4.54721e-06	0.0031
2	0.00557927	7.03715e-06	0.0031
2	0.0065098	1.12222e-05	0.0031
2	0.00759551	1.61205e-05	0.0032
2	0.00886231	2.90341e-05	0.003
2	0.0103404	3.79735e-05	0.0032
2	0.012065	5.79274e-05	0.0032
2	0.0140772	9.00281e-05	0.0032
2	0.016425	0.000143236	0.0032
2	0.0191644	0.000225186	0.0031
2	0.0223607	0.000358804	0.003
2	0.02609	0.00057068	0.0028
2	0.0304414	0.000889291	0.0026
2	0.0355185	0.00134568	0.0024
2	0.0414423	0.00200138	0.0021
2	0.0483541	0.00296188	0.0019
2	0.0564187	0.0045782	0.0016
2	0.0658283	0.00584745	0.0014
2	0.0768073	0.0050561	0.0015
2	0.0896174	0.00555221	0.0015
2	0.104564	0.00619638	0.0014
2	0.122003	0.00682026	0.0013
2	0.142351	0.007419	0.0013
2	0.166093	0.00786722	0.0012
2	0.193794	0.00835991	0.0012
2	0.226116	0.00849374	0.0012
2	0.263828	0.00836667	0.0012
2	0.307829	0.00776814	0.0012
2	0.35917	0.00729626	0.0012
2	0.419073	0.00704786	0.0012
2	0.488966	0.00687894	0.0012
2	0.570517	0.0109499	0.0011
2	0.665669	0.00620702	0.0012
2	0.776691	0.006042	0.0012
2	0.906229	0.00588795	0.0012
2	1.05737	0.00573958	0.0012
2	1.23372	0.00562132	0.0012
2	1.43948	0.00551867	0.0012
2	1.67956	0.00540425	0.0012
2	1.95969	0.00529495	0.0012
2	2.28653	0.0052126	0.0012
2	2.66788	0.00510279	0.0013
2	3.11283	0.00500976	0.0013
2	3.63199	0.00492631	0.0013
2	4.23774	0.004815	0.0013
2	4.94452	0.00468733	0.0013
2	5.76918	0.0045903	0.0013
2	6.73138	0.00444355	0.0013
2	7.85405	0.00429784	0.0014
2	9.16396	0.00413089	0.0014
2	10.6923	0.00397026	0.0014
2	12.4756	0.00378801	0.0014
2	14.5563	0.00359249	0.0015
2	16.9841	0.00339059	0.0015
2	19.8167	0.00317976	0.0016
2	23.1218	0.00295595	0.0016
2	26.9781	0.00273136	0.0017
2	31.4775	0.00248969	0.0018
2	36.7274	0.00219797	0.0019
2	42.8529	0.00178108	0.0021
2	50.0	0.000862479	0.003
3	1e-05	0.0	0.0
3	1.16678e-05	0.0	0.0
3	1.36138e-05	0.0	0.0
3	1.58843e-05	0.0	0.0
3	1.85336e-05	0.0	0.0
3	2.16246e-05	0.0	0.0
3	2.52312e-05	0.0	0.0
3	2.94393e-05	0.0	0.0
3	3.43493e-05	0.0	0.0
3	4.00781e-05	0.0	0.0
3	4.67624e-05	0.0	0.0
3	5.45616e-05	0.0	0.0
3	6.36614e-05	0.0	0.0
3	7.4279e-05	0.0	0.0
3	8.66674e-05	0.0	0.0
3	0.000101122	0.0	0.0
3	0.000117987	0.0	0.0
3	0.000137665	0.0	0.0
3	0.000160626	0.0	0.0
3	0.000187415	0.0	0.0
3	0.000218672	0.0	0.0
3	0.000255143	0.0	0.0
3	0.000297696	0.0	0.0
3	0.000347347	0.0	0.0
3	0.000405278	0.0	0.0
3	0.000472871	0.0	0.0
3	0.000551737	0.0	0.0
3	0.000643757	0.0	0.0
3	0.000751124	0.0	0.0
3	0.000876398	0.0	0.0
3	0.00102257	1.59921e-07	0.0077
3	0.00119311	1.37535e-06	0.003
3	0.0013921	1.97593e-06	0.003
3	0.00162428	2.70978e-06	0.0029
3	0.00189518	4.22658e-07	0.003
3	0.00221126	6.15631e-07	0.003
3	0.00258006	8.9925e-07	0.0031
3	0.00301036	1.33737e-06	0.0031
3	0.00351244	2.0004e-06	0.0031
3	0.00409825	3.02357e-06	0.0031
3	0.00478176	4.57962e-06	0.0031
3	0.00557927	7.07259e-06	0.0031
3	0.0065098	1.13176e-05	0.0031
3	0.00759551	1.62845e-05	0.0032
3	0.00886231	2.93594e-05	0.0029
3	0.0103404	3.83985e-05	0.0032
3	0.012065	5.81163e-05	0.0032
3	0.0140772	9.08795e-05	0.0032
3	0.016425	0.00014333	0.0032
3	0.0191644	0.000228166	0.0031
3	0.0223607	0.000363183	0.003
3	0.02609	0.0005801	0.0028
3	0.0304414	0.000945854	0.0025
3	0.0355185	0.00150318	0.0023
3	0.0414423	0.00233731	0.002
3	0.0483541	0.00349727	0.0017
3	0.0564187	0.0050729	0.0015
3	0.0658283	0.00636689	0.0013
3	0.0768073	0.00639924	0.0014
3	0.0896174	0.00705983	0.0013
3	0.104564	0.00771608	0.0013
3	0.122003	0.00830424	0.0012
3	0.142351	0.00883109	0.0012
3	0.166093	0.00916515	0.0011
3	0.193794	0.0095925	0.0011
3	0.226116	0.00966168	0.0011
3	0.263828	0.00947887	0.0011
3	0.307829	0.00879585	0.0011
3	0.35917	0.00827389	0.0011
3	0.419073	0.00798517	0.0012
3	0.488966	0.00778721	0.0011
3	0.570517	0.0123174	0.001
3	0.665669	0.00707023	0.0011
3	0.776691	0.00689028	0.0011
3	0.906229	0.0067262	0.0011
3	1.05737	0.00656281	0.0011
3	1.23372	0.00641955	0.0011
3	1.43948	0.00628989	0.0011
3	1.67956	0.00615249	0.0012
3	1.95969	0.00601861	0.0012
3	2.28653	0.00592221	0.0012
3	2.66788	0.00578948	0.0012
3	3.11283	0.00568021	0.0012
3	3.63199	0.00558191	0.0012
3	4.23774	0.00545193	0.0012
3	4.94452	0.0053094	0.0012
3	5.76918	0.00519083	0.0012
3	6.73138	0.00501314	0.0013
3	7.85405	0.00484168	0.0013
3	9.16396	0.00464509	0.0013
3	10.6923	0.00445655	0.0013
3	12.4756	0.00424069	0.0014
3	14.5563	0.00401898	0.0014
3	16.9841	0.0037789	0.0014
3	19.8167	0.00352399	0.0015
3	23.1218	0.00325908	0.0015
3	26.9781	0.00298978	0.0016
3	31.4775	0.00269051	0.0017
3	36.7274	0.00233134	0.0018
3	42.8529	0.00181707	0.0021
3	50.0	0.000838006	0.0031
4	1e-05	0.0	0.0
4	1.16678e-05	0.0	0.0
4	1.36138e-05	0.0	0.0
4	1.58843e-05	0.0	0.0
4	1.85336e-05	0.0	0.0
4	2.16246e-05	0.0	0.0
4	2.52312e-05	0.0	0.0
4	2.94393e-05	0.0	0.0
4	3.43493e-05	0.0	0.0
4	4.00781e-05	0.0	0.0
4	4.67624e-05	0.0	0.0
4	5.45616e-05	0.0	0.0
4	6.36614e-05	0.0	0.0
4	7.4279e-05	0.0	0.0
4	8.66674e-05	0.0	0.0
4	0.000101122	0.0	0.0
4	0.000117987	0.0	0.0
4	0.000137665	0.0	0.0
4	0.000160626	0.0	0.0
4	0.000187415	0.0	0.0
4	0.000218672	0.0	0.0
4	0.000255143	0.0	0.0
4	0.000297696	0.0	0.0
4	0.000347347	0.0	0.0
4	0.000405278	0.0	0.0
4	0.000472871	0.0	0.0
4	0.000551737	0.0	0.0
4	0.000643757	0.0	0.0
4	0.000751124	0.0	0.0
4	0.000876398	0.0	0.0
4	0.00102257	1.57156e-07	0.0077
4	0.00119311	1.37231e-06	0.003
4	0.0013921	1.96184e-06	0.003
4	0.00162428	2.71838e-06	0.0029
4	0.00189518	4.19993e-07	0.003
4	0.00221126	6.10054e-07	0.003
4	0.00258006	8.94021e-07	0.0031
4	0.00301036	1.32034e-06	0.0031
4	0.00351244	1.98769e-06	0.0031
4	0.00409825	2.98998e-06	0.0031
4	0.00478176	4.5503e-06	0.0031
4	0.00557927	7.0248e-06	0.0031
4	0.0065098	1.12389e-05	0.0031
4	0.00759551	1.6238e-05	0.0032
4	0.00886231	2.92955e-05	0.0029
4	0.0103404	3.81489e-05	0.0032
4	0.012065	5.77178e-05	0.0032
4	0.0140772	9.02539e-05	0.0032
4	0.016425	0.000142879	0.0032
4	0.0191644	0.000225778	0.0031
4	0.0223607	0.000361659	0.003
4	0.02609	0.000577513	0.0028
4	0.0304414	0.000945991	0.0025
4	0.0355185	0.00154243	0.0022
4	0.0414423	0.00246859	0.0019
4	0.0483541	0.00376792	0.0017
4	0.0564187	0.00540601	0.0014
4	0.0658283	0.00682625	0.0013
4	0.0768073	0.00737351	0.0013
4	0.0896174	0.00816281	0.0012
4	0.104564	0.00882834	0.0012
4	0.122003	0.00940935	0.0011
4	0.142351	0.00986206	0.0011
4	0.166093	0.0101281	0.0011
4	0.193794	0.0105138	0.0011
4	0.226116	0.01055	0.001
4	0.263828	0.0103467	0.001
4	0.307829	0.00961669	0.0011
4	0.35917	0.00908132	0.0011
4	0.419073	0.00875062	0.0011
4	0.488966	0.00855609	0.0011
4	0.570517	0.0135013	0.001
4	0.665669	0.00780404	0.0011
4	0.776691	0.00760317	0.0011
4	0.906229	0.00743892	0.0011
4	1.05737	0.00727344	0.0011
4	1.23372	0.00712225	0.0011
4	1.43948	0.00698113	0.0011
4	1.67956	0.00683637	0.0011
4	1.95969	0.00667949	0.0011
4	2.28653	0.00656763	0.0011
4	2.66788	0.00641839	0.0011
4	3.11283	0.00629495	0.0011
4	3.63199	0.00616985	0.0011
4	4.23774	0.0060266	0.0012
4	4.94452	0.00586818	0.0012
4	5.76918	0.00572252	0.0012
4	6.73138	0.00552032	0.0012
4	7.85405	0.00532502	0.0012
4	9.16396	0.00510108	0.0013
4	10.6923	0.00487729	0.0013
4	12.4756	0.00463089	0.0013
4	14.5563	0.00437718	0.0013
4	16.9841	0.00409868	0.0014
4	19.8167	0.00380281	0.0014
4	23.1218	0.00350081	0.0015
4	26.9781	0.00318058	0.0016
4	31.4775	0.00282429	0.0017
4	36.7274	0.0023941	0.0018
4	42.8529	0.00179472	0.0021
4	50.0	0.000811039	0.0031
5	1e-05	0.0	0.0
5	1.16678e-05	0.0	0.0
5	1.36138e-05	0.0	0.0
5	1.58843e-05	0.0	0.0
5	1.85336e-05	0.0	0.0
5	2.16246e-05	0.0	0.0
5	2.52312e-05	0.0	0.0
5	2.94393e-05	0.0	0.0
5	3.43493e-05	0.0	0.0
5	4.00781e-05	0.0	0.0
5	4.67624e-05	0.0	0.0
5	5.45616e-05	0.0	0.0
5	6.36614e-05	0.0	0.0
5	7.4279e-05	0.0	0.0
5	8.66674e-05	0.0	0.0
5	0.000101122	0.0	0.0
5	0.000117987	0.0	0.0
5	0.000137665	0.0	0.0
5	0.000160626	0.0	0.0
5	0.000187415	0.0	0.0
5	0.000218672	0.0	0.0
5	0.000255143	0.0	0.0
5	0.000297696	0.0	0.0
5	0.000347347	0.0	0.0
5	0.000405278	0.0	0.0
5	0.000472871	0.0	0.0
5	0.000551737	0.0	0.0
5	0.000643757	0.0	0.0
5	0.000751124	0.0	0.0
5	0.000876398	0.0	0.0
5	0.00102257	1.55967e-07	0.0078
5	0.00119311	1.3379e-06	0.003
5	0.0013921	1.91801e-06	0.003
5	0.00162428	2.65533e-06	0.0029
5	0.00189518	4.10823e-07	0.0031
5	0.00221126	5.9628e-07	0.0031
5	0.00258006	8.75208e-07	0.0031
5	0.00301036	1.30218e-06	0.0031
5	0.00351244	1.94304e-06	0.0031
5	0.00409825	2.92169e-06	0.0032
5	0.00478176	4.46716e-06	0.0032
5	0.00557927	6.85515e-06	0.0032
5	0.0065098	1.10013e-05	0.0031
5	0.00759551	1.5648e-05	0.0032
5	0.00886231	2.86484e-05	0.003
5	0.0103404	3.72282e-05	0.0032
5	0.012065	5.63439e-05	0.0033
5	0.0140772	8.84623e-05	0.0032
5	0.016425	0.000139585	0.0032
5	0.0191644	0.000220492	0.0031
5	0.0223607	0.000354007	0.003
5	0.02609	0.000567148	0.0028
5	0.0304414	0.000926028	0.0026
5	0.0355185	0.00151718	0.0023
5	0.0414423	0.00247952	0.0019
5	0.0483541	0.00385781	0.0016
5	0.0564187	0.00553401	0.0014
5	0.0658283	0.00708736	0.0013
5	0.0768073	0.00797607	0.0012
5	0.0896174	0.00886022	0.0012
5	0.104564	0.00957697	0.0011
5	0.122003	0.0101551	0.0011
5	0.142351	0.010564	0.0011
5	0.166093	0.0107816	0.001
5	0.193794	0.0111561	0.001
5	0.226116	0.0111534	0.001
5	0.263828	0.0109559	0.001
5	0.307829	0.0102125	0.001
5	0.35917	0.00967391	0.0011
5	0.419073	0.00933284	0.0011
5	0.488966	0.00913619	0.0011
5	0.570517	0.0144544	0.001
5	0.665669	0.00835777	0.001
5	0.776691	0.00816509	0.001
5	0.906229	0.00800763	0.001
5	1.05737	0.00784028	0.001
5	1.23372	0.0076841	0.001
5	1.43948	0.0075404	0.0011
5	1.67956	0.00740133	0.0011
5	1.95969	0.00723241	0.0011
5	2.28653	0.00711107	0.0011
5	2.66788	0.00695555	0.0011
5	3.11283	0.00681738	0.0011
5	3.63199	0.00667326	0.0011
5	4.23774	0.00651399	0.0011
5	4.94452	0.0063362	0.0011
5	5.76918	0.00617124	0.0011
5	6.73138	0.005948	0.0012
5	7.85405	0.00572765	0.0012
5	9.16396	0.00546879	0.0012
5	10.6923	0.00522019	0.0012
5	12.4756	0.00494591	0.0013
5	14.5563	0.0046609	0.0013
5	16.9841	0.00434148	0.0014
5	19.8167	0.00401282	0.0014
5	23.1218	0.00367195	0.0015
5	26.9781	0.0033036	0.0015
5	31.4775	0.00289266	0.0016
5	36.7274	0.00239517	0.0018
5	42.8529	0.00174526	0.0021
5	50.0	0.000784674	0.0032
6	1e-05	0.0	0.0
6	1.16678e-05	0.0	0.0
6	1.36138e-05	0.0	0.0
6	1.58843e-05	0.0	0.0
6	1.85336e-05	0.0	0.0
6	2.16246e-05	0.0	0.0
6	2.52312e-05	0.0	0.0
6	2.94393e-05	0.0	0.0
6	3.43493e-05	0.0	0.0
6	4.00781e-05	0.0	0.0
6	4.67624e-05	0.0	0.0
6	5.45616e-05	0.0	0.0
6	6.36614e-05	0.0	0.0
6	7.4279e-05	0.0	0.0
6	8.66674e-05	0.0	0.0
6	0.000101122	0.0	0.0
6	0.000117987	0.0	0.0
6	0.000137665	0.0	0.0
6	0.000160626	0.0	0.0
6	0.000187415	0.0	0.0
6	0.000218672	0.0	0.0
6	0.000255143	0.0	0.0
6	0.000297696	0.0	0.0
6	0.000347347	0.0	0.0
6	0.000405278	0.0	0.0
6	0.000472871	0.0	0.0
6	0.000551737	0.0	0.0
6	0.000643757	0.0	0.0
6	0.000751124	0.0	0.0
6	0.000876398	0.0	0.0
6	0.00102257	1.50269e-07	0.008
6	0.00119311	1.28587e-06	0.0031
6	0.0013921	1.82915e-06	0.0031
6	0.00162428	2.54617e-06	0.003
6	0.00189518	3.93314e-07	0.0031
6	0.00221126	5.6951e-07	0.0032
6	0.00258006	8.3307e-07	0.0032
6	0.00301036	1.23519e-06	0.0032
6	0.00351244	1.85859e-06	0.0032
6	0.00409825	2.79104e-06	0.0032
6	0.00478176	4.26733e-06	0.0032
6	0.00557927	6.52652e-06	0.0032
6	0.0065098	1.05494e-05	0.0032
6	0.00759551	1.50749e-05	0.0033
6	0.00886231	2.74506e-05	0.003
6	0.0103404	3.5478e-05	0.0033
6	0.012065	5.38385e-05	0.0033
6	0.0140772	8.42317e-05	0.0033
6	0.016425	0.000133821	0.0033
6	0.0191644	0.00021144	0.0032
6	0.0223607	0.000336188	0.0031
6	0.02609	0.000545127	0.0029
6	0.0304414	0.000882702	0.0026
6	0.0355185	0.00145734	0.0023
6	0.0414423	0.00240711	0.002
6	0.0483541	0.00379476	0.0017
6	0.0564187	0.00548221	0.0014
6	0.0658283	0.00712143	0.0013
6	0.0768073	0.00823079	0.0012
6	0.0896174	0.00918908	0.0011
6	0.104564	0.00994747	0.0011
6	0.122003	0.0105231	0.0011
6	0.142351	0.0108903	0.001
6	0.166093	0.0111043	0.001
6	0.193794	0.0114819	0.001
6	0.226116	0.0114598	0.001
6	0.263828	0.0112842	0.001
6	0.307829	0.0105519	0.001
6	0.35917	0.0100262	0.001
6	0.419073	0.0096824	0.001
6	0.488966	0.00949369	0.001
6	0.570517	0.0150894	0.0009
6	0.665669	0.00871551	0.001
6	0.776691	0.00853222	0.001
6	0.906229	0.0083922	0.001
6	1.05737	0.00823612	0.001
6	1.23372	0.00807802	0.001
6	1.43948	0.00793793	0.001
6	1.67956	0.00780816	0.001
6	1.95969	0.00764074	0.001
6	2.28653	0.00751802	0.001
6	2.66788	0.00736182	0.0011
6	3.11283	0.00721087	0.0011
6	3.63199	0.0070578	0.0011
6	4.23774	0.00688925	0.0011
6	4.94452	0.0066932	0.0011
6	5.76918	0.00650624	0.0011
6	6.73138	0.00626812	0.0011
6	7.85405	0.00602598	0.0012
6	9.16396	0.00573829	0.0012
6	10.6923	0.00547444	0.0012
6	12.4756	0.00516744	0.0012
6	14.5563	0.004858	0.0013
6	16.9841	0.00450379	0.0013
6	19.8167	0.00414258	0.0014
6	23.1218	0.00376622	0.0014
6	26.9781	0.00335955	0.0015
6	31.4775	0.00289738	0.0016
6	36.7274	0.00234858	0.0018
6	42.8529	0.00168663	0.0022
6	50.0	0.000759003	0.0032
7	1e-05	0.0	0.0
7	1.16678e-05	0.0	0.0
7	1.36138e-05	0.0	0.0
7	1.58843e-05	0.0	0.0
7	1.85336e-05	0.0	0.0
7	2.16246e-05	0.0	0.0
7	2.52312e-05	0.0	0.0
7	2.94393e-05	0.0	0.0
7	3.43493e-05	0.0	0.0
7	4.00781e-05	0.0	0.0
7	4.67624e-05	0.0	0.0
7	5.45616e-05	0.0	0.0
7	6.36614e-05	0.0	0.0
7	7.4279e-05	0.0	0.0
7	8.66674e-05	0.0	0.0
7	0.000101122	0.0	0.0
7	0.000117987	0.0	0.0
7	0.000137665	0.0	0.0
7	0.000160626	0.0	0.0
7	0.000187415	0.0	0.0
7	0.000218672	0.0	0.0
7	0.000255143	0.0	0.0
7	0.000297696	0.0	0.0
7	0.000347347	0.0	0.0
7	0.000405278	0.0	0.0
7	0.000472871	0.0	0.0
7	0.000551737	0.0	0.0
7	0.000643757	0.0	0.0
7	0.000751124	0.0	0.0
7	0.000876398	0.0	0.0
7	0.00102257	1.37316e-07	0.0083
7	0.00119311	1.20171e-06	0.0032
7	0.0013921	1.70627e-06	0.0032
7	0.00162428	2.38613e-06	0.0031
7	0.00189518	3.67596e-07	0.0032
7	0.00221126	5.32005e-07	0.0033
7	0.00258006	7.83667e-07	0.0033
7	0.00301036	1.16501e-06	0.0033
7	0.00351244	1.73285e-06	0.0033
7	0.00409825	2.62134e-06	0.0033
7	0.00478176	3.96716e-06	0.0034
7	0.00557927	6.13607e-06	0.0034
7	0.0065098	9.84088e-06	0.0033
7	0.00759551	1.4013e-05	0.0034
7	0.00886231	2.55825e-05	0.0032
7	0.0103404	3.31493e-05	0.0034
7	0.012065	5.03251e-05	0.0035
7	0.0140772	7.88822e-05	0.0034
7	0.016425	0.000123795	0.0034
7	0.0191644	0.000196301	0.0033
7	0.0223607	0.000315148	0.0032
7	0.02609	0.000505726	0.003
7	0.0304414	0.000823653	0.0027
7	0.0355185	0.00136234	0.0024
7	0.0414423	0.00224926	0.002
7	0.0483541	0.00358799	0.0017
7	0.0564187	0.00526369	0.0015
7	0.0658283	0.00691646	0.0013
7	0.0768073	0.00815331	0.0012
7	0.0896174	0.0091685	0.0011
7	0.104564	0.00994894	0.0011
7	0.122003	0.0105123	0.0011
7	0.142351	0.0108852	0.001
7	0.166093	0.0110987	0.001
7	0.193794	0.0114701	0.001
7	0.226116	0.0114497	0.001
7	0.263828	0.0113014	0.001
7	0.307829	0.0106095	0.001
7	0.35917	0.010113	0.001
7	0.419073	0.00979123	0.001
7	0.488966	0.00961631	0.001
7	0.570517	0.0154022	0.0009
7	0.665669	0.00886846	0.001
7	0.776691	0.00869203	0.001
7	0.906229	0.00856424	0.001
7	1.05737	0.00842079	0.001
7	1.23372	0.00828129	0.001
7	1.43948	0.00815495	0.001
7	1.67956	0.00803185	0.001
7	1.95969	0.00787095	0.001
7	2.28653	0.00775133	0.001
7	2.66788	0.0076024	0.001
7	3.11283	0.00744741	0.001
7	3.63199	0.00728943	0.0011
7	4.23774	0.00711599	0.0011
7	4.94452	0.00690418	0.0011
7	5.76918	0.00670974	0.0011
7	6.73138	0.00645212	0.0011
7	7.85405	0.00619995	0.0011
7	9.16396	0.0058976	0.0012
7	10.6923	0.00561548	0.0012
7	12.4756	0.0052811	0.0012
7	14.5563	0.00495464	0.0013
7	16.9841	0.00457359	0.0013
7	19.8167	0.0041882	0.0014
7	23.1218	0.00378307	0.0014
7	26.9781	0.00334518	0.0015
7	31.4775	0.00284373	0.0017
7	36.7274	0.00227366	0.0019
7	42.8529	0.00162691	0.0022
7	50.0	0.000733444	0.0033
8	1e-05	0.0	0.0
8	1.16678e-05	0.0	0.0
8	1.36138e-05	0.0	0.0
8	1.58843e-05	0.0	0.0
8	1.85336e-05	0.0	0.0
8	2.16246e-05	0.0	0.0
8	2.52312e-05	0.0	0.0
8	2.94393e-05	0.0	0.0
8	3.43493e-05	0.0	0.0
8	4.00781e-05	0.0	0.0
8	4.67624e-05	0.0	0.0
8	5.45616e-05	0.0	0.0
8	6.36614e-05	0.0	0.0
8	7.4279e-05	0.0	0.0
8	8.66674e-05	0.0	0.0
8	0.000101122	0.0	0.0
8	0.000117987	0.0	0.0
8	0.000137665	0.0	0.0
8	0.000160626	0.0	0.0
8	0.000187415	0.0	0.0
8	0.000218672	0.0	0.0
8	0.000255143	0.0	0.0
8	0.000297696	0.0	0.0
8	0.000347347	0.0	0.0
8	0.000405278	0.0	0.0
8	0.000472871	0.0	0.0
8	0.000551737	0.0	0.0
8	0.000643757	0.0	0.0
8	0.000751124	0.0	0.0
8	0.000876398	0.0	0.0
8	0.00102257	1.24794e-07	0.0087
8	0.00119311	1.08552e-06	0.0034
8	0.0013921	1.55136e-06	0.0034
8	0.00162428	2.15654e-06	0.0033
8	0.00189518	3.31039e-07	0.0034
8	0.00221126	4.79689e-07	0.0034
8	0.00258006	7.03465e-07	0.0035
8	0.00301036	1.0449e-06	0.0035
8	0.00351244	1.55049e-06	0.0035
8	0.00409825	2.35581e-06	0.0035
8	0.00478176	3.61132e-06	0.0035
8	0.00557927	5.5195e-06	0.0036
8	0.0065098	8.8843e-06	0.0035
8	0.00759551	1.27411e-05	0.0036
8	0.00886231	2.29917e-05	0.0033
8	0.0103404	2.97747e-05	0.0036
8	0.012065	4.54995e-05	0.0036
8	0.0140772	7.12325e-05	0.0036
8	0.016425	0.000112071	0.0036
8	0.0191644	0.000178712	0.0035
8	0.0223607	0.000283948	0.0034
8	0.02609	0.000456693	0.0032
8	0.0304414	0.000746395	0.0029
8	0.0355185	0.00123008	0.0025
8	0.0414423	0.00204871	0.0021
8	0.0483541	0.00329523	0.0018
8	0.0564187	0.00489418	0.0015
8	0.0658283	0.00651633	0.0013
8	0.0768073	0.00779014	0.0012
8	0.0896174	0.00883225	0.0012
8	0.104564	0.0096337	0.0011
8	0.122003	0.0102025	0.0011
8	0.142351	0.0105586	0.0011
8	0.166093	0.0107388	0.001
8	0.193794	0.0111412	0.001
8	0.226116	0.0111372	0.001
8	0.263828	0.0110346	0.001
8	0.307829	0.0103912	0.001
8	0.35917	0.00995291	0.0011
8	0.419073	0.00966639	0.001
8	0.488966	0.00949547	0.001
8	0.570517	0.0153158	0.0009
8	0.665669	0.00877837	0.001
8	0.776691	0.00863265	0.001
8	0.906229	0.00852207	0.001
8	1.05737	0.00839449	0.001
8	1.23372	0.00827105	0.001
8	1.43948	0.00816023	0.001
8	1.67956	0.00805291	0.001
8	1.95969	0.00789557	0.001
8	2.28653	0.0077945	0.001
8	2.66788	0.00765751	0.001
8	3.11283	0.00750121	0.001
8	3.63199	0.00734676	0.0011
8	4.23774	0.00717213	0.0011
8	4.94452	0.00695517	0.0011
8	5.76918	0.00675381	0.0011
8	6.73138	0.00649057	0.0011
8	7.85405	0.00623438	0.0011
8	9.16396	0.00592176	0.0012
8	10.6923	0.0056292	0.0012
8	12.4756	0.00528339	0.0012
8	14.5563	0.00494617	0.0013
8	16.9841	0.00455042	0.0013
8	19.8167	0.00414865	0.0014
8	23.1218	0.00372489	0.0014
8	26.9781	0.00326658	0.0015
8	31.4775	0.00275017	0.0017
8	36.7274	0.00218511	0.0019
8	42.8529	0.0015662	0.0022
8	50.0	0.000707906	0.0033
9	1e-05	0.0	0.0
9	1.16678e-05	0.0	0.0
9	1.36138e-05	0.0	0.0
9	1.58843e-05	0.0	0.0
9	1.85336e-05	0.0	0.0
9	2.16246e-05	0.0	0.0
9	2.52312e-05	0.0	0.0
9	2.94393e-05	0.0	0.0
9	3.43493e-05	0.0	0.0
9	4.00781e-05	0.0	0.0
9	4.67624e-05	0.0	0.0
9	5.45616e-05	0.0	0.0
9	6.36614e-05	0.0	0.0
9	7.4279e-05	0.0	0.0
9	8.66674e-05	0.0	0.0
9	0.000101122	0.0	0.0
9	0.000117987	0.0	0.0
9	0.000137665	0.0	0.0
9	0.000160626	0.0	0.0
9	0.000187415	0.0	0.0
9	0.000218672	0.0	0.0
9	0.000255143	0.0	0.0
9	0.000297696	0.0	0.0
9	0.000347347	0.0	0.0
9	0.000405278	0.0	0.0
9	0.000472871	0.0	0.0
9	0.000551737	0.0	0.0
9	0.000643757	0.0	0.0
9	0.000751124	0.0	0.0
9	0.000876398	0.0	0.0
9	0.00102257	1.11017e-07	0.0093
9	0.00119311	9.49243e-07	0.0036
9	0.0013921	1.36349e-06	0.0036
9	0.00162428	1.89936e-06	0.0035
9	0.00189518	2.91244e-07	0.0037
9	0.00221126	4.21029e-07	0.0037
9	0.00258006	6.19584e-07	0.0037
9	0.00301036	9.17255e-07	0.0037
9	0.00351244	1.37767e-06	0.0037
9	0.00409825	2.07584e-06	0.0038
9	0.00478176	3.14661e-06	0.0038
9	0.00557927	4.8642e-06	0.0038
9	0.0065098	7.8357e-06	0.0037
9	0.00759551	1.11278e-05	0.0038
9	0.00886231	2.03836e-05	0.0035
9	0.0103404	2.63388e-05	0.0038
9	0.012065	3.96383e-05	0.0039
9	0.0140772	6.22019e-05	0.0039
9	0.016425	9.78215e-05	0.0038
9	0.0191644	0.000155659	0.0038
9	0.0223607	0.000248422	0.0036
9	0.02609	0.000401854	0.0034
9	0.0304414	0.000653663	0.0031
9	0.0355185	0.00107326	0.0027
9	0.0414423	0.00180193	0.0023
9	0.0483541	0.00293148	0.0019
9	0.0564187	0.00441234	0.0016
9	0.0658283	0.00595632	0.0014
9	0.0768073	0.00722581	0.0013
9	0.0896174	0.00825299	0.0012
9	0.104564	0.00901941	0.0012
9	0.122003	0.00959378	0.0011
9	0.142351	0.00995078	0.0011
9	0.166093	0.0101457	0.0011
9	0.193794	0.0105672	0.0011
9	0.226116	0.0105605	0.001
9	0.263828	0.0105038	0.001
9	0.307829	0.0099288	0.0011
9	0.35917	0.00953203	0.0011
9	0.419073	0.0092874	0.0011
9	0.488966	0.00914493	0.0011
9	0.570517	0.0149205	0.0009
9	0.665669	0.00848247	0.001
9	0.776691	0.00835759	0.001
9	0.906229	0.0082711	0.001
9	1.05737	0.00815944	0.001
9	1.23372	0.00806289	0.001
9	1.43948	0.00796739	0.001
9	1.67956	0.00788081	0.001
9	1.95969	0.00773493	0.001
9	2.28653	0.00765116	0.001
9	2.66788	0.00752645	0.001
9	3.11283	0.00737952	0.0011
9	3.63199	0.00723612	0.0011
9	4.23774	0.00706078	0.0011
9	4.94452	0.00685397	0.0011
9	5.76918	0.00664827	0.0011
9	6.73138	0.00638738	0.0011
9	7.85405	0.00613239	0.0011
9	9.16396	0.00581789	0.0012
9	10.6923	0.00552532	0.0012
9	12.4756	0.00517718	0.0012
9	14.5563	0.00483317	0.0013
9	16.9841	0.00443383	0.0013
9	19.8167	0.00402795	0.0014
9	23.1218	0.00359923	0.0015
9	26.9781	0.00313651	0.0016
9	31.4775	0.00262861	0.0017
9	36.7274	0.00209119	0.0019
9	42.8529	0.00150387	0.0023
9	50.0	0.000682173	0.0034
10	1e-05	0.0	0.0
10	1.16678e-05	0.0	0.0
10	1.36138e-05	0.0	0.0
10	1.58843e-05	0.0	0.0
10	1.85336e-05	0.0	0.0
10	2.16246e-05	0.0	0.0
10	2.52312e-05	0.0	0.0
10	2.94393e-05	0.0	0.0
10	3.43493e-05	0.0	0.0
10	4.00781e-05	0.0	0.0
10	4.67624e-05	0.0	0.0
10	5.45616e-05	0.0	0.0
10	6.36614e-05	0.0	0.0
10	7.4279e-05	0.0	0.0
10	8.66674e-05	0.0	0.0
10	0.000101122	0.0	0.0
10	0.000117987	0.0	0.0
10	0.000137665	0.0	0.0
10	0.000160626	0.0	0.0
10	0.000187415	0.0	0.0
10	0.000218672	0.0	0.0
10	0.000255143	0.0	0.0
10	0.000297696	0.0	0.0
10	0.000347347	0.0	0.0
10	0.000405278	0.0	0.0
10	0.000472871	0.0	0.0
10	0.000551737	0.0	0.0
10	0.000643757	0.0	0.0
10	0.000751124	0.0	0.0
10	0.000876398	0.0	0.0
10	0.00102257	9.51144e-08	0.0101
10	0.00119311	8.12602e-07	0.0039
10	0.0013921	1.15575e-06	0.0039
10	0.00162428	1.6235e-06	0.0038
10	0.00189518	2.45959e-07	0.004
10	0.00221126	3.60491e-07	0.004
10	0.00258006	5.28118e-07	0.004
10	0.00301036	7.79638e-07	0.004
10	0.00351244	1.17382e-06	0.0041
10	0.00409825	1.75915e-06	0.0041
10	0.00478176	2.6958e-06	0.0041
10	0.00557927	4.14473e-06	0.0041
10	0.0065098	6.64607e-06	0.004
10	0.00759551	9.39985e-06	0.0042
10	0.00886231	1.71523e-05	0.0039
10	0.0103404	2.22383e-05	0.0042
10	0.012065	3.37502e-05	0.0042
10	0.0140772	5.29493e-05	0.0042
10	0.016425	8.34435e-05	0.0042
10	0.0191644	0.00013235	0.0041
10	0.0223607	0.000212916	0.0039
10	0.02609	0.000342257	0.0037
10	0.0304414	0.000557437	0.0033
10	0.0355185	0.000917709	0.0029
10	0.0414423	0.00153897	0.0025
10	0.0483541	0.00254138	0.002
10	0.0564187	0.00386016	0.0017
10	0.0658283	0.00528711	0.0015
10	0.0768073	0.0064968	0.0014
10	0.0896174	0.00748686	0.0013
10	0.104564	0.00823332	0.0012
10	0.122003	0.00878714	0.0012
10	0.142351	0.00916165	0.0011
10	0.166093	0.00932678	0.0011
10	0.193794	0.00976123	0.0011
10	0.226116	0.00979676	0.0011
10	0.263828	0.00976816	0.0011
10	0.307829	0.00928137	0.0011
10	0.35917	0.00891623	0.0011
10	0.419073	0.00872534	0.0011
10	0.488966	0.00861763	0.0011
10	0.570517	0.0142178	0.001
10	0.665669	0.00802053	0.0011
10	0.776691	0.00790911	0.0011
10	0.906229	0.00783961	0.0011
10	1.05737	0.00775154	0.0011
10	1.23372	0.00768651	0.001
10	1.43948	0.00760764	0.001
10	1.67956	0.00754184	0.0011
10	1.95969	0.00742173	0.0011
10	2.28653	0.00735224	0.0011
10	2.66788	0.00724058	0.0011
10	3.11283	0.00710655	0.0011
10	3.63199	0.00697818	0.0011
10	4.23774	0.00680905	0.0011
10	4.94452	0.00661505	0.0011
10	5.76918	0.00641741	0.0011
10	6.73138	0.0061634	0.0011
10	7.85405	0.00591639	0.0012
10	9.16396	0.00560855	0.0012
10	10.6923	0.00531782	0.0012
10	12.4756	0.00497572	0.0013
10	14.5563	0.00463829	0.0013
10	16.9841	0.00424659	0.0014
10	19.8167	0.00384707	0.0014
10	23.1218	0.00342656	0.0015
10	26.9781	0.00297704	0.0016
10	31.4775	0.00249494	0.0018
10	36.7274	0.00199419	0.002
10	42.8529	0.00144133	0.0023
10	50.0	0.000656803	0.0035
11	1e-05	0.0	0.0
11	1.16678e-05	0.0	0.0
11	1.36138e-05	0.0	0.0
11	1.58843e-05	0.0	0.0
11	1.85336e-05	0.0	0.0
11	2.16246e-05	0.0	0.0
11	2.52312e-05	0.0	0.0
11	2.94393e-05	0.0	0.0
11	3.43493e-05	0.0	0.0
11	4.00781e-05	0.0	0.0
11	4.67624e-05	0.0	0.0
11	5.45616e-05	0.0	0.0
11	6.36614e-05	0.0	0.0
11	7.4279e-05	0.0	0.0
11	8.66674e-05	0.0	0.0
11	0.000101122	0.0	0.0
11	0.000117987	0.0	0.0
11	0.000137665	0.0	0.0
11	0.000160626	0.0	0.0
11	0.000187415	0.0	0.0
11	0.000218672	0.0	0.0
11	0.000255143	0.0	0.0
11	0.000297696	0.0	0.0
11	0.000347347	0.0	0.0
11	0.000405278	0.0	0.0
11	0.000472871	0.0	0.0
11	0.000551737	0.0	0.0
11	0.000643757	0.0	0.0
11	0.000751124	0.0	0.0
11	0.000876398	0.0	0.0
11	0.00102257	7.7148e-08	0.0112
11	0.00119311	6.76884e-07	0.0043
11	0.0013921	9.62127e-07	0.0043
11	0.00162428	1.34654e-06	0.0041
11	0.00189518	2.05316e-07	0.0043
11	0.00221126	2.98435e-07	0.0044
11	0.00258006	4.39954e-07	0.0044
11	0.00301036	6.48329e-07	0.0044
11	0.00351244	9.67672e-07	0.0045
11	0.00409825	1.45435e-06	0.0045
11	0.00478176	2.21783e-06	0.0045
11	0.00557927	3.43714e-06	0.0045
11	0.0065098	5.51953e-06	0.0044
11	0.00759551	7.75619e-06	0.0046
11	0.00886231	1.41987e-05	0.0042
11	0.0103404	1.85318e-05	0.0046
11	0.012065	2.7975e-05	0.0046
11	0.0140772	4.38708e-05	0.0046
11	0.016425	6.86399e-05	0.0046
11	0.0191644	0.000109825	0.0045
11	0.0223607	0.000174959	0.0043
11	0.02609	0.000281213	0.0041
11	0.0304414	0.000456772	0.0037
11	0.0355185	0.0007601	0.0032
11	0.0414423	0.00129424	0.0027
11	0.0483541	0.00214322	0.0022
11	0.0564187	0.00330661	0.0019
11	0.0658283	0.00458484	0.0016
11	0.0768073	0.00570639	0.0015
11	0.0896174	0.00664459	0.0014
11	0.104564	0.0073273	0.0013
11	0.122003	0.00789155	0.0012
11	0.142351	0.00821893	0.0012
11	0.166093	0.00841144	0.0012
11	0.193794	0.00882844	0.0012
11	0.226116	0.00888177	0.0011
11	0.263828	0.00889291	0.0011
11	0.307829	0.00849113	0.0012
11	0.35917	0.00818215	0.0012
11	0.419073	0.00803594	0.0012
11	0.488966	0.00795701	0.0011
11	0.570517	0.0133321	0.001
11	0.665669	0.00742403	0.0011
11	0.776691	0.00734277	0.0011
11	0.906229	0.00728967	0.0011
11	1.05737	0.00722493	0.0011
11	1.23372	0.00718003	0.0011
11	1.43948	0.00713083	0.0011
11	1.67956	0.00708938	0.0011
11	1.95969	0.00699088	0.0011
11	2.28653	0.0069347	0.0011
11	2.66788	0.00683874	0.0011
11	3.11283	0.0067217	0.0011
11	3.63199	0.00660908	0.0011
11	4.23774	0.00645213	0.0011
11	4.94452	0.00627544	0.0011
11	5.76918	0.00608638	0.0012
11	6.73138	0.00585353	0.0012
11	7.85405	0.00561529	0.0012
11	9.16396	0.00531958	0.0012
11	10.6923	0.00503918	0.0013
11	12.4756	0.00471143	0.0013
11	14.5563	0.00438854	0.0013
11	16.9841	0.00400908	0.0014
11	19.8167	0.00362803	0.0015
11	23.1218	0.00322636	0.0016
11	26.9781	0.0028044	0.0017
11	31.4775	0.00235554	0.0018
11	36.7274	0.00189337	0.002
11	42.8529	0.00137745	0.0024
11	50.0	0.000631689	0.0035
12	1e-05	0.0	0.0
12	1.16678e-05	0.0	0.0
12	1.36138e-05	0.0	0.0
12	1.58843e-05	0.0	0.0
12	1.85336e-05	0.0	0.0
12	2.16246e-05	0.0	0.0
12	2.52312e-05	0.0	0.0
12	2.94393e-05	0.0	0.0
12	3.43493e-05	0.0	0.0
12	4.00781e-05	0.0	0.0
12	4.67624e-05	0.0	0.0
12	5.45616e-05	0.0	0.0
12	6.36614e-05	0.0	0.0
12	7.4279e-05	0.0	0.0
12	8.66674e-05	0.0	0.0
12	0.000101122	0.0	0.0
12	0.000117987	0.0	0.0
12	0.000137665	0.0	0.0
12	0.000160626	0.0	0.0
12	0.000187415	0.0	0.0
12	0.000218672	0.0	0.0
12	0.000255143	0.0	0.0
12	0.000297696	0.0	0.0
12	0.000347347	0.0	0.0
12	0.000405278	0.0	0.0
12	0.000472871	0.0	0.0
12	0.000551737	0.0	0.0
12	0.000643757	0.0	0.0
12	0.000751124	0.0	0.0
12	0.000876398	0.0	0.0
12	0.00102257	6.39033e-08	0.0124
12	0.00119311	5.4004e-07	0.0048
12	0.0013921	7.77554e-07	0.0048
12	0.00162428	1.08471e-06	0.0046
12	0.00189518	1.64992e-07	0.0048
12	0.00221126	2.42835e-07	0.0048
12	0.00258006	3.54076e-07	0.0049
12	0.00301036	5.23787e-07	0.0049
12	0.00351244	7.84202e-07	0.005
12	0.00409825	1.17924e-06	0.005
12	0.00478176	1.78081e-06	0.005
12	0.00557927	2.80223e-06	0.005
12	0.0065098	4.4947e-06	0.0049
12	0.00759551	6.29571e-06	0.0051
12	0.00886231	1.1487e-05	0.0047
12	0.0103404	1.49087e-05	0.0051
12	0.012065	2.27854e-05	0.0052
12	0.0140772	3.54484e-05	0.0052
12	0.016425	5.61083e-05	0.0051
12	0.0191644	8.75576e-05	0.005
12	0.0223607	0.0001417	0.0048
12	0.02609	0.000227166	0.0045
12	0.0304414	0.000368488	0.0041
12	0.0355185	0.000622411	0.0036
12	0.0414423	0.00105574	0.003
12	0.0483541	0.00176331	0.0025
12	0.0564187	0.0027755	0.002
12	0.0658283	0.00388748	0.0018
12	0.0768073	0.00490129	0.0016
12	0.0896174	0.00575511	0.0015
12	0.104564	0.00640491	0.0014
12	0.122003	0.0069294	0.0013
12	0.142351	0.007267	0.0013
12	0.166093	0.0074412	0.0013
12	0.193794	0.00785273	0.0012
12	0.226116	0.00793505	0.0012
12	0.263828	0.0079661	0.0012
12	0.307829	0.0076479	0.0012
12	0.35917	0.00738506	0.0012
12	0.419073	0.0072708	0.0012
12	0.488966	0.00722718	0.0012
12	0.570517	0.0123307	0.001
12	0.665669	0.00675953	0.0012
12	0.776691	0.00671157	0.0012
12	0.906229	0.00667451	0.0011
12	1.05737	0.00662865	0.0011
12	1.23372	0.0066102	0.0011
12	1.43948	0.00657795	0.0011
12	1.67956	0.00655946	0.0011
12	1.95969	0.00648405	0.0011
12	2.28653	0.00644167	0.0011
12	2.66788	0.00636502	0.0011
12	3.11283	0.00626753	0.0011
12	3.63199	0.006167	0.0011
12	4.23774	0.00602985	0.0012
12	4.94452	0.00586831	0.0012
12	5.76918	0.00570101	0.0012
12	6.73138	0.00548547	0.0012
12	7.85405	0.00525904	0.0012
12	9.16396	0.00498414	0.0013
12	10.6923	0.00472039	0.0013
12	12.4756	0.00441175	0.0013
12	14.5563	0.00410699	0.0014
12	16.9841	0.00374899	0.0014
12	19.8167	0.0033906	0.0015
12	23.1218	0.00301652	0.0016
12	26.9781	0.00262838	0.0017
12	31.4775	0.00221786	0.0019
12	36.7274	0.0017937	0.0021
12	42.8529	0.00131292	0.0024
12	50.0	0.000605851	0.0036
13	1e-05	0.0	0.0
13	1.16678e-05	0.0	0.0
13	1.36138e-05	0.0	0.0
13	1.58843e-05	0.0	0.0
13	1.85336e-05	0.0	0.0
13	2.16246e-05	0.0	0.0
13	2.52312e-05	0.0	0.0
13	2.94393e-05	0.0	0.0
13	3.43493e-05	0.0	0.0
13	4.00781e-05	0.0	0.0
13	4.67624e-05	0.0	0.0
13	5.45616e-05	0.0	0.0
13	6.36614e-05	0.0	0.0
13	7.4279e-05	0.0	0.0
13	8.66674e-05	0.0	0.0
13	0.000101122	0.0	0.0
13	0.000117987	0.0	0.0
13	0.000137665	0.0	0.0
13	0.000160626	0.0	0.0
13	0.000187415	0.0	0.0
13	0.000218672	0.0	0.0
13	0.000255143	0.0	0.0
13	0.000297696	0.0	0.0
13	0.000347347	0.0	0.0
13	0.000405278	0.0	0.0
13	0.000472871	0.0	0.0
13	0.000551737	0.0	0.0
13	0.000643757	0.0	0.0
13	0.000751124	0.0	0.0
13	0.000876398	0.0	0.0
13	0.00102257	5.0406e-08	0.0139
13	0.00119311	4.32869e-07	0.0053
13	0.0013921	6.17741e-07	0.0053
13	0.00162428	8.71322e-07	0.0052
13	0.00189518	1.31243e-07	0.0054
13	0.00221126	1.91069e-07	0.0055
13	0.00258006	2.78957e-07	0.0055
13	0.00301036	4.14547e-07	0.0055
13	0.00351244	6.23074e-07	0.0056
13	0.00409825	9.36308e-07	0.0056
13	0.00478176	1.45192e-06	0.0056
13	0.00557927	2.18758e-06	0.0056
13	0.0065098	3.54602e-06	0.0055
13	0.00759551	5.01048e-06	0.0057
13	0.00886231	9.20781e-06	0.0052
13	0.0103404	1.17998e-05	0.0057
13	0.012065	1.79092e-05	0.0058
13	0.0140772	2.80348e-05	0.0058
13	0.016425	4.43164e-05	0.0057
13	0.0191644	6.97338e-05	0.0056
13	0.0223607	0.000111016	0.0054
13	0.02609	0.000178476	0.0051
13	0.0304414	0.000293644	0.0046
13	0.0355185	0.00049411	0.004
13	0.0414423	0.000845041	0.0034
13	0.0483541	0.00142572	0.0027
13	0.0564187	0.00226915	0.0023
13	0.0658283	0.00323257	0.0019
13	0.0768073	0.00414208	0.0017
13	0.0896174	0.00490587	0.0016
13	0.104564	0.00550099	0.0015
13	0.122003	0.00599041	0.0014
13	0.142351	0.00629869	0.0014
13	0.166093	0.00649145	0.0014
13	0.193794	0.0068587	0.0013
13	0.226116	0.00698294	0.0013
13	0.263828	0.00703669	0.0013
13	0.307829	0.00678602	0.0013
13	0.35917	0.00656423	0.0013
13	0.419073	0.00649113	0.0013
13	0.488966	0.00648051	0.0013
13	0.570517	0.0112855	0.0011
13	0.665669	0.00607278	0.0012
13	0.776691	0.00604468	0.0012
13	0.906229	0.00602999	0.0012
13	1.05737	0.00600853	0.0012
13	1.23372	0.00601065	0.0012
13	1.43948	0.00599793	0.0012
13	1.67956	0.00599649	0.0012
13	1.95969	0.00593992	0.0012
13	2.28653	0.00591467	0.0012
13	2.66788	0.00585842	0.0012
13	3.11283	0.00577734	0.0012
13	3.63199	0.00569475	0.0012
13	4.23774	0.00557875	0.0012
13	4.94452	0.00543331	0.0012
13	5.76918	0.0052845	0.0012
13	6.73138	0.005091	0.0013
13	7.85405	0.00488275	0.0013
13	9.16396	0.00462755	0.0013
13	10.6923	0.00438669	0.0013
13	12.4756	0.00409634	0.0014
13	14.5563	0.00381211	0.0014
13	16.9841	0.00348175	0.0015
13	19.8167	0.0031534	0.0016
13	23.1218	0.00280837	0.0017
13	26.9781	0.00245605	0.0018
13	31.4775	0.0020821	0.0019
13	36.7274	0.00169315	0.0021
13	42.8529	0.00124857	0.0025
13	50.0	0.00058078	0.0037
14	1e-05	0.0	0.0
14	1.16678e-05	0.0	0.0
14	1.36138e-05	0.0	0.0
14	1.58843e-05	0.0	0.0
14	1.85336e-05	0.0	0.0
14	2.16246e-05	0.0	0.0
14	2.52312e-05	0.0	0.0
14	2.94393e-05	0.0	0.0
14	3.43493e-05	0.0	0.0
14	4.00781e-05	0.0	0.0
14	4.67624e-05	0.0	0.0
14	5.45616e-05	0.0	0.0
14	6.36614e-05	0.0	0.0
14	7.4279e-05	0.0	0.0
14	8.66674e-05	0.0	0.0
14	0.000101122	0.0	0.0
14	0.000117987	0.0	0.0
14	0.000137665	0.0	0.0
14	0.000160626	0.0	0.0
14	0.000187415	0.0	0.0
14	0.000218672	0.0	0.0
14	0.000255143	0.0	0.0
14	0.000297696	0.0	0.0
14	0.000347347	0.0	0.0
14	0.000405278	0.0	0.0
14	0.000472871	0.0	0.0
14	0.000551737	0.0	0.0
14	0.000643757	0.0	0.0
14	0.000751124	0.0	0.0
14	0.000876398	0.0	0.0
14	0.00102257	3.8756e-08	0.0157
14	0.00119311	3.34463e-07	0.0061
14	0.0013921	4.77884e-07	0.0061
14	0.00162428	6.78737e-07	0.0059
14	0.00189518	1.01865e-07	0.0062
14	0.00221126	1.48242e-07	0.0062
14	0.00258006	2.17774e-07	0.0062
14	0.00301036	3.19007e-07	0.0063
14	0.00351244	4.81921e-07	0.0063
14	0.00409825	7.26483e-07	0.0064
14	0.00478176	1.10858e-06	0.0064
14	0.00557927	1.70699e-06	0.0064
14	0.0065098	2.75736e-06	0.0063
14	0.00759551	3.89109e-06	0.0065
14	0.00886231	7.12235e-06	0.006
14	0.0103404	9.18601e-06	0.0065
14	0.012065	1.40389e-05	0.0066
14	0.0140772	2.17325e-05	0.0066
14	0.016425	3.44529e-05	0.0065
14	0.0191644	5.43793e-05	0.0064
14	0.0223607	8.68381e-05	0.0062
14	0.02609	0.000139846	0.0058
14	0.0304414	0.000227153	0.0053
14	0.0355185	0.000384805	0.0046
14	0.0414423	0.000660803	0.0038
14	0.0483541	0.00113748	0.0031
14	0.0564187	0.0018319	0.0025
14	0.0658283	0.00265157	0.0021
14	0.0768073	0.00344437	0.0019
14	0.0896174	0.00412043	0.0017
14	0.104564	0.00465907	0.0016
14	0.122003	0.00510268	0.0016
14	0.142351	0.00539291	0.0015
14	0.166093	0.00559628	0.0015
14	0.193794	0.00592256	0.0014
14	0.226116	0.00605751	0.0014
14	0.263828	0.0061277	0.0014
14	0.307829	0.00594523	0.0014
14	0.35917	0.00577133	0.0014
14	0.419073	0.00573292	0.0014
14	0.488966	0.00573241	0.0014
14	0.570517	0.0102179	0.0011
14	0.665669	0.00539689	0.0013
14	0.776691	0.00539186	0.0013
14	0.906229	0.00539527	0.0013
14	1.05737	0.0053949	0.0013
14	1.23372	0.00541254	0.0013
14	1.43948	0.00541384	0.0012
14	1.67956	0.00543037	0.0012
14	1.95969	0.00539093	0.0012
14	2.28653	0.00538621	0.0012
14	2.66788	0.0053461	0.0012
14	3.11283	0.0052873	0.0012
14	3.63199	0.00522015	0.0012
14	4.23774	0.00512016	0.0013
14	4.94452	0.00499785	0.0013
14	5.76918	0.00486234	0.0013
14	6.73138	0.00469396	0.0013
14	7.85405	0.00450461	0.0013
14	9.16396	0.00427185	0.0014
14	10.6923	0.00405595	0.0014
14	12.4756	0.0037838	0.0014
14	14.5563	0.00352486	0.0015
14	16.9841	0.00322195	0.0016
14	19.8167	0.00292426	0.0016
14	23.1218	0.0026117	0.0017
14	26.9781	0.00229151	0.0018
14	31.4775	0.0019513	0.002
14	36.7274	0.00159451	0.0022
14	42.8529	0.0011838	0.0026
14	50.0	0.0005555	0.0038
15	1e-05	0.0	0.0
15	1.16678e-05	0.0	0.0
15	1.36138e-05	0.0	0.0
15	1.58843e-05	0.0	0.0
15	1.85336e-05	0.0	0.0
15	2.16246e-05	0.0	0.0
15	2.52312e-05	0.0	0.0
15	2.94393e-05	0.0	0.0
15	3.43493e-05	0.0	0.0
15	4.00781e-05	0.0	0.0
15	4.67624e-05	0.0	0.0
15	5.45616e-05	0.0	0.0
15	6.36614e-05	0.0	0.0
15	7.4279e-05	0.0	0.0
15	8.66674e-05	0.0	0.0
15	0.000101122	0.0	0.0
15	0.000117987	0.0	0.0
15	0.000137665	0.0	0.0
15	0.000160626	0.0	0.0
15	0.000187415	0.0	0.0
15	0.000218672	0.0	0.0
15	0.000255143	0.0	0.0
15	0.000297696	0.0	0.0
15	0.000347347	0.0	0.0
15	0.000405278	0.0	0.0
15	0.000472871	0.0	0.0
15	0.000551737	0.0	0.0
15	0.000643757	0.0	0.0
15	0.000751124	0.0	0.0
15	0.000876398	0.0	0.0
15	0.00102257	2.98334e-08	0.018
15	0.00119311	2.55303e-07	0.0069
15	0.0013921	3.67276e-07	0.007
15	0.00162428	5.22378e-07	0.0067
15	0.00189518	7.74316e-08	0.007
15	0.00221126	1.13694e-07	0.0071
15	0.00258006	1.68048e-07	0.0071
15	0.00301036	2.4873e-07	0.0072
15	0.00351244	3.6497e-07	0.0073
15	0.00409825	5.48851e-07	0.0073
15	0.00478176	8.44808e-07	0.0073
15	0.00557927	1.30719e-06	0.0073
15	0.0065098	2.09231e-06	0.0072
15	0.00759551	2.97951e-06	0.0074
15	0.00886231	5.41033e-06	0.0068
15	0.0103404	7.04529e-06	0.0074
15	0.012065	1.05077e-05	0.0075
15	0.0140772	1.64416e-05	0.0076
15	0.016425	2.63905e-05	0.0075
15	0.0191644	4.1839e-05	0.0073
15	0.0223607	6.59558e-05	0.0071
15	0.02609	0.000106016	0.0067
15	0.0304414	0.00017195	0.0061
15	0.0355185	0.0002928	0.0053
15	0.0414423	0.000509706	0.0044
15	0.0483541	0.000892477	0.0035
15	0.0564187	0.00145337	0.0029
15	0.0658283	0.00214118	0.0024
15	0.0768073	0.00281854	0.0021
15	0.0896174	0.0034022	0.0019
15	0.104564	0.00388309	0.0018
15	0.122003	0.00428584	0.0017
15	0.142351	0.00456554	0.0016
15	0.166093	0.00474765	0.0016
15	0.193794	0.00506629	0.0015
15	0.226116	0.0051984	0.0015
15	0.263828	0.00529273	0.0015
15	0.307829	0.00516021	0.0015
15	0.35917	0.00502565	0.0015
15	0.419073	0.005016	0.0015
15	0.488966	0.00504136	0.0014
15	0.570517	0.00919614	0.0012
15	0.665669	0.00476076	0.0014
15	0.776691	0.0047713	0.0014
15	0.906229	0.0047899	0.0014
15	1.05737	0.00480808	0.0013
15	1.23372	0.00483727	0.0013
15	1.43948	0.00485756	0.0013
15	1.67956	0.0048857	0.0013
15	1.95969	0.00486342	0.0013
15	2.28653	0.00487067	0.0013
15	2.66788	0.00484892	0.0013
15	3.11283	0.00481025	0.0013
15	3.63199	0.00476444	0.0013
15	4.23774	0.00467362	0.0013
15	4.94452	0.00457227	0.0013
15	5.76918	0.00445484	0.0013
15	6.73138	0.00430853	0.0014
15	7.85405	0.00414127	0.0014
15	9.16396	0.00393014	0.0014
15	10.6923	0.00373505	0.0015
15	12.4756	0.00348836	0.0015
15	14.5563	0.00325416	0.0016
15	16.9841	0.00298099	0.0016
15	19.8167	0.0027069	0.0017
15	23.1218	0.00242594	0.0018
15	26.9781	0.002136	0.0019
15	31.4775	0.0018273	0.0021
15	36.7274	0.00150017	0.0023
15	42.8529	0.00112111	0.0026
15	50.0	0.000530271	0.0039
16	1e-05	0.0	0.0
16	1.16678e-05	0.0	0.0
16	1.36138e-05	0.0	0.0
16	1.58843e-05	0.0	0.0
16	1.85336e-05	0.0	0.0
16	2.16246e-05	0.0	0.0
16	2.52312e-05	0.0	0.0
16	2.94393e-05	0.0	0.0
16	3.43493e-05	0.0	0.0
16	4.00781e-05	0.0	0.0
16	4.67624e-05	0.0	0.0
16	5.45616e-05	0.0	0.0
16	6.36614e-05	0.0	0.0
16	7.4279e-05	0.0	0.0
16	8.66674e-05	0.0	0.0
16	0.000101122	0.0	0.0
16	0.000117987	0.0	0.0
16	0.000137665	0.0	0.0
16	0.000160626	0.0	0.0
16	0.000187415	0.0	0.0
16	0.000218672	0.0	0.0
16	0.000255143	0.0	0.0
16	0.000297696	0.0	0.0
16	0.000347347	0.0	0.0
16	0.000405278	0.0	0.0
16	0.000472871	0.0	0.0
16	0.000551737	0.0	0.0
16	0.000643757	0.0	0.0
16	0.000751124	0.0	0.0
16	0.000876398	0.0	0.0
16	0.00102257	2.24091e-08	0.0207
16	0.00119311	1.95732e-07	0.008
16	0.0013921	2.80453e-07	0.008
16	0.00162428	3.9459e-07	0.0077
16	0.00189518	5.9394e-08	0.008
16	0.00221126	8.59728e-08	0.0081
16	0.00258006	1.29027e-07	0.0082
16	0.00301036	1.88935e-07	0.0082
16	0.00351244	2.8561e-07	0.0083
16	0.00409825	4.25617e-07	0.0083
16	0.00478176	6.43402e-07	0.0083
16	0.00557927	9.97922e-07	0.0084
16	0.0065098	1.60827e-06	0.0081
16	0.00759551	2.2678e-06	0.0085
16	0.00886231	4.12469e-06	0.0079
16	0.0103404	5.34073e-06	0.0086
16	0.012065	8.01212e-06	0.0086
16	0.0140772	1.25424e-05	0.0087
16	0.016425	1.99024e-05	0.0086
16	0.0191644	3.1404e-05	0.0084
16	0.0223607	5.03225e-05	0.0082
16	0.02609	8.08581e-05	0.0077
16	0.0304414	0.00013194	0.007
16	0.0355185	0.000220902	0.0061
16	0.0414423	0.000384714	0.005
16	0.0483541	0.000682703	0.004
16	0.0564187	0.00113879	0.0032
16	0.0658283	0.00170601	0.0027
16	0.0768073	0.00227598	0.0023
16	0.0896174	0.00277238	0.0021
16	0.104564	0.00320289	0.002
16	0.122003	0.0035561	0.0019
16	0.142351	0.00381691	0.0018
16	0.166093	0.00398043	0.0018
16	0.193794	0.00428543	0.0017
16	0.226116	0.00441507	0.0016
16	0.263828	0.00452389	0.0016
16	0.307829	0.00443038	0.0016
16	0.35917	0.0043512	0.0016
16	0.419073	0.00436729	0.0016
16	0.488966	0.00439847	0.0016
16	0.570517	0.00822203	0.0013
16	0.665669	0.00417245	0.0015
16	0.776691	0.00419676	0.0015
16	0.906229	0.00422781	0.0014
16	1.05737	0.00426474	0.0014
16	1.23372	0.00430607	0.0014
16	1.43948	0.00433959	0.0014
16	1.67956	0.00437678	0.0014
16	1.95969	0.00437391	0.0014
16	2.28653	0.00439224	0.0014
16	2.66788	0.00438313	0.0014
16	3.11283	0.00436583	0.0014
16	3.63199	0.00433218	0.0014
16	4.23774	0.00425774	0.0014
16	4.94452	0.00417109	0.0014
16	5.76918	0.00407565	0.0014
16	6.73138	0.00394796	0.0014
16	7.85405	0.00379972	0.0014
16	9.16396	0.0036124	0.0015
16	10.6923	0.00343767	0.0015
16	12.4756	0.00321527	0.0016
16	14.5563	0.00300556	0.0016
16	16.9841	0.00275633	0.0017
16	19.8167	0.00250668	0.0018
16	23.1218	0.00225318	0.0019
16	26.9781	0.00198903	0.002
16	31.4775	0.00170859	0.0021
16	36.7274	0.0014079	0.0024
16	42.8529	0.00105979	0.0027
16	50.0	0.000504898	0.004
17	1e-05	0.0	0.0
17	1.16678e-05	0.0	0.0
17	1.36138e-05	0.0	0.0
17	1.58843e-05	0.0	0.0
17	1.85336e-05	0.0	0.0
17	2.16246e-05	0.0	0.0
17	2.52312e-05	0.0	0.0
17	2.94393e-05	0.0	0.0
17	3.43493e-05	0.0	0.0
17	4.00781e-05	0.0	0.0
17	4.67624e-05	0.0	0.0
17	5.45616e-05	0.0	0.0
17	6.36614e-05	0.0	0.0
17	7.4279e-05	0.0	0.0
17	8.66674e-05	0.0	0.0
17	0.000101122	0.0	0.0
17	0.000117987	0.0	0.0
17	0.000137665	0.0	0.0
17	0.000160626	0.0	0.0
17	0.000187415	0.0	0.0
17	0.000218672	0.0	0.0
17	0.000255143	0.0	0.0
17	0.000297696	0.0	0.0
17	0.000347347	0.0	0.0
17	0.000405278	0.0	0.0
17	0.000472871	0.0	0.0
17	0.000551737	0.0	0.0
17	0.000643757	0.0	0.0
17	0.000751124	0.0	0.0
17	0.000876398	0.0	0.0
17	0.00102257	1.78579e-08	0.0233
17	0.00119311	1.51861e-07	0.009
17	0.0013921	2.14547e-07	0.0091
17	0.00162428	3.05065e-07	0.0087
17	0.00189518	4.5712e-08	0.0092
17	0.00221126	6.64021e-08	0.0093
17	0.00258006	9.61768e-08	0.0094
17	0.00301036	1.4335e-07	0.0094
17	0.00351244	2.17409e-07	0.0095
17	0.00409825	3.29354e-07	0.0095
17	0.00478176	4.91661e-07	0.0095
17	0.00557927	7.62411e-07	0.0096
17	0.0065098	1.23359e-06	0.0093
17	0.00759551	1.73427e-06	0.0096
17	0.00886231	3.1792e-06	0.009
17	0.0103404	4.13556e-06	0.0097
17	0.012065	6.17014e-06	0.0099
17	0.0140772	9.72863e-06	0.0099
17	0.016425	1.50006e-05	0.0099
17	0.0191644	2.40892e-05	0.0097
17	0.0223607	3.80431e-05	0.0094
17	0.02609	6.14381e-05	0.0088
17	0.0304414	9.92951e-05	0.008
17	0.0355185	0.000169032	0.007
17	0.0414423	0.00029637	0.0058
17	0.0483541	0.000526505	0.0046
17	0.0564187	0.000882248	0.0037
17	0.0658283	0.00134063	0.003
17	0.0768073	0.00180834	0.0026
17	0.0896174	0.00222804	0.0024
17	0.104564	0.00260664	0.0022
17	0.122003	0.00290638	0.0021
17	0.142351	0.00314202	0.002
17	0.166093	0.00329399	0.0019
17	0.193794	0.00358037	0.0018
17	0.226116	0.00370394	0.0018
17	0.263828	0.00381989	0.0017
17	0.307829	0.00378729	0.0018
17	0.35917	0.00374702	0.0018
17	0.419073	0.00377115	0.0017
17	0.488966	0.00382233	0.0017
17	0.570517	0.00732156	0.0014
17	0.665669	0.00363758	0.0016
17	0.776691	0.00367888	0.0016
17	0.906229	0.00372185	0.0015
17	1.05737	0.00376755	0.0015
17	1.23372	0.003819	0.0015
17	1.43948	0.00386816	0.0015
17	1.67956	0.00390731	0.0015
17	1.95969	0.00392465	0.0014
17	2.28653	0.00395611	0.0014
17	2.66788	0.00396015	0.0014
17	3.11283	0.00395347	0.0014
17	3.63199	0.00393507	0.0014
17	4.23774	0.00387753	0.0014
17	4.94452	0.00380541	0.0014
17	5.76918	0.00372526	0.0015
17	6.73138	0.00361668	0.0015
17	7.85405	0.00348776	0.0015
17	9.16396	0.00332016	0.0015
17	10.6923	0.00316569	0.0016
17	12.4756	0.00296297	0.0016
17	14.5563	0.00277609	0.0017
17	16.9841	0.00254925	0.0018
17	19.8167	0.00232285	0.0018
17	23.1218	0.00209399	0.0019
17	26.9781	0.00185188	0.002
17	31.4775	0.00159702	0.0022
17	36.7274	0.00132163	0.0024
17	42.8529	0.000999855	0.0028
17	50.0	0.000480718	0.0041
18	1e-05	0.0	0.0
18	1.16678e-05	0.0	0.0
18	1.36138e-05	0.0	0.0
18	1.58843e-05	0.0	0.0
18	1.85336e-05	0.0	0.0
18	2.16246e-05	0.0	0.0
18	2.52312e-05	0.0	0.0
18	2.94393e-05	0.0	0.0
18	3.43493e-05	0.0	0.0
18	4.00781e-05	0.0	0.0
18	4.67624e-05	0.0	0.0
18	5.45616e-05	0.0	0.0
18	6.36614e-05	0.0	0.0
18	7.4279e-05	0.0	0.0
18	8.66674e-05	0.0	0.0
18	0.000101122	0.0	0.0
18	0.000117987	0.0	0.0
18	0.000137665	0.0	0.0
18	0.000160626	0.0	0.0
18	0.000187415	0.0	0.0
18	0.000218672	0.0	0.0
18	0.000255143	0.0	0.0
18	0.000297696	0.0	0.0
18	0.000347347	0.0	0.0
18	0.000405278	0.0	0.0
18	0.000472871	0.0	0.0
18	0.000551737	0.0	0.0
18	0.000643757	0.0	0.0
18	0.000751124	0.0	0.0
18	0.000876398	0.0	0.0
18	0.00102257	1.41198e-08	0.0258
18	0.00119311	1.21003e-07	0.0101
18	0.0013921	1.6893e-07	0.0102
18	0.00162428	2.39231e-07	0.0098
18	0.00189518	3.68406e-08	0.0103
18	0.00221126	5.29988e-08	0.0105
18	0.00258006	7.69997e-08	0.0105
18	0.00301036	1.15493e-07	0.0105
18	0.00351244	1.67876e-07	0.0106
18	0.00409825	2.51561e-07	0.0109
18	0.00478176	3.86775e-07	0.0108
18	0.00557927	6.12836e-07	0.0108
18	0.0065098	9.7271e-07	0.0105
18	0.00759551	1.36952e-06	0.011
18	0.00886231	2.50417e-06	0.0101
18	0.0103404	3.19465e-06	0.011
18	0.012065	4.77619e-06	0.0112
18	0.0140772	7.49024e-06	0.0112
18	0.016425	1.19347e-05	0.0111
18	0.0191644	1.8754e-05	0.011
18	0.0223607	2.98357e-05	0.0105
18	0.02609	4.7009e-05	0.01
18	0.0304414	7.75306e-05	0.0091
18	0.0355185	0.000129604	0.0079
18	0.0414423	0.000225506	0.0066
18	0.0483541	0.00040244	0.0053
18	0.0564187	0.000677023	0.0042
18	0.0658283	0.00103836	0.0035
18	0.0768073	0.00141905	0.003
18	0.0896174	0.00177184	0.0027
18	0.104564	0.00207932	0.0024
18	0.122003	0.00234888	0.0023
18	0.142351	0.00254686	0.0022
18	0.166093	0.00269608	0.0021
18	0.193794	0.00294465	0.002
18	0.226116	0.00306153	0.002
18	0.263828	0.00318935	0.0019
18	0.307829	0.00321126	0.0019
18	0.35917	0.00321655	0.0019
18	0.419073	0.00325388	0.0019
18	0.488966	0.00330225	0.0018
18	0.570517	0.00645152	0.0015
18	0.665669	0.00317417	0.0017
18	0.776691	0.00322111	0.0017
18	0.906229	0.00327065	0.0016
18	1.05737	0.00332645	0.0016
18	1.23372	0.00338655	0.0016
18	1.43948	0.00344347	0.0016
18	1.67956	0.00349297	0.0015
18	1.95969	0.00352409	0.0015
18	2.28653	0.00355977	0.0015
18	2.66788	0.00357718	0.0015
18	3.11283	0.00357847	0.0015
18	3.63199	0.00357571	0.0015
18	4.23774	0.00353271	0.0015
18	4.94452	0.00347351	0.0015
18	5.76918	0.00340546	0.0015
18	6.73138	0.00331702	0.0015
18	7.85405	0.00320475	0.0016
18	9.16396	0.00305303	0.0016
18	10.6923	0.00291812	0.0016
18	12.4756	0.00273336	0.0017
18	14.5563	0.00256767	0.0017
18	16.9841	0.00235976	0.0018
18	19.8167	0.0021552	0.0019
18	23.1218	0.00194449	0.002
18	26.9781	0.00172547	0.0021
18	31.4775	0.0014906	0.0023
18	36.7274	0.00124004	0.0025
18	42.8529	0.000942906	0.0029
18	50.0	0.000457149	0.0042
19	1e-05	0.0	0.0
19	1.16678e-05	0.0	0.0
19	1.36138e-05	0.0	0.0
19	1.58843e-05	0.0	0.0
19	1.85336e-05	0.0	0.0
19	2.16246e-05	0.0	0.0
19	2.52312e-05	0.0	0.0
19	2.94393e-05	0.0	0.0
19	3.43493e-05	0.0	0.0
19	4.00781e-05	0.0	0.0
19	4.67624e-05	0.0	0.0
19	5.45616e-05	0.0	0.0
19	6.36614e-05	0.0	0.0
19	7.4279e-05	0.0	0.0
19	8.66674e-05	0.0	0.0
19	0.000101122	0.0	0.0
19	0.000117987	0.0	0.0
19	0.000137665	0.0	0.0
19	0.000160626	0.0	0.0
19	0.000187415	0.0	0.0
19	0.000218672	0.0	0.0
19	0.000255143	0.0	0.0
19	0.000297696	0.0	0.0
19	0.000347347	0.0	0.0
19	0.000405278	0.0	0.0
19	0.000472871	0.0	0.0
19	0.000551737	0.0	0.0
19	0.000643757	0.0	0.0
19	0.000751124	0.0	0.0
19	0.000876398	0.0	0.0
19	0.00102257	1.11033e-08	0.0296
19	0.00119311	9.65799e-08	0.0113
19	0.0013921	1.3986e-07	0.0113
19	0.00162428	1.95211e-07	0.0109
19	0.00189518	3.01357e-08	0.0114
19	0.00221126	4.31772e-08	0.0115
19	0.00258006	6.22258e-08	0.0116
19	0.00301036	9.38771e-08	0.0116
19	0.00351244	1.39307e-07	0.0118
19	0.00409825	2.10252e-07	0.0117
19	0.00478176	3.15756e-07	0.0119
19	0.00557927	5.06087e-07	0.0118
19	0.0065098	7.99781e-07	0.0116
19	0.00759551	1.13366e-06	0.0121
19	0.00886231	2.0871e-06	0.0112
19	0.0103404	2.58717e-06	0.0122
19	0.012065	4.01406e-06	0.0124
19	0.0140772	6.20606e-06	0.0123
19	0.016425	9.8377e-06	0.0124
19	0.0191644	1.54844e-05	0.0119
19	0.0223607	2.39659e-05	0.0117
19	0.02609	3.86996e-05	0.0111
19	0.0304414	6.3091e-05	0.0101
19	0.0355185	0.000101845	0.009
19	0.0414423	0.000174887	0.0075
19	0.0483541	0.000302438	0.006
19	0.0564187	0.000513722	0.0048
19	0.0658283	0.000784781	0.004
19	0.0768073	0.00108306	0.0034
19	0.0896174	0.00135692	0.003
19	0.104564	0.00161381	0.0028
19	0.122003	0.0018335	0.0026
19	0.142351	0.00201111	0.0025
19	0.166093	0.00213943	0.0024
19	0.193794	0.00234938	0.0023
19	0.226116	0.00246413	0.0022
19	0.263828	0.00259534	0.0021
19	0.307829	0.00266485	0.0021
19	0.35917	0.00274274	0.0021
19	0.419073	0.00279793	0.002
19	0.488966	0.00285624	0.0019
19	0.570517	0.00557712	0.0016
19	0.665669	0.00276587	0.0018
19	0.776691	0.00282134	0.0018
19	0.906229	0.00287587	0.0017
19	1.05737	0.00293839	0.0017
19	1.23372	0.00300439	0.0017
19	1.43948	0.00306715	0.0016
19	1.67956	0.00312695	0.0016
19	1.95969	0.00316756	0.0016
19	2.28653	0.00320983	0.0016
19	2.66788	0.00323793	0.0016
19	3.11283	0.00324503	0.0016
19	3.63199	0.00325343	0.0016
19	4.23774	0.00322391	0.0016
19	4.94452	0.00317676	0.0016
19	5.76918	0.00312285	0.0016
19	6.73138	0.00304467	0.0016
19	7.85405	0.00294918	0.0016
19	9.16396	0.00281302	0.0017
19	10.6923	0.00269237	0.0017
19	12.4756	0.00252561	0.0018
19	14.5563	0.00237572	0.0018
19	16.9841	0.00218723	0.0019
19	19.8167	0.0020006	0.002
19	23.1218	0.0018086	0.0021
19	26.9781	0.00160933	0.0022
19	31.4775	0.00139125	0.0024
19	36.7274	0.00116313	0.0026
19	42.8529	0.000888064	0.003
19	50.0	0.000433989	0.0043
20	1e-05	0.0	0.0
20	1.16678e-05	0.0	0.0
20	1.36138e-05	0.0	0.0
20	1.58843e-05	0.0	0.0
20	1.85336e-05	0.0	0.0
20	2.16246e-05	0.0	0.0
20	2.52312e-05	0.0	0.0
20	2.94393e-05	0.0	0.0
20	3.43493e-05	0.0	0.0
20	4.00781e-05	0.0	0.0
20	4.67624e-05	0.0	0.0
20	5.45616e-05	0.0	0.0
20	6.36614e-05	0.0	0.0
20	7.4279e-05	0.0	0.0
20	8.66674e-05	0.0	0.0
20	0.000101122	0.0	0.0
20	0.000117987	0.0	0.0
20	0.000137665	0.0	0.0
20	0.000160626	0.0	0.0
20	0.000187415	0.0	0.0
20	0.000218672	0.0	0.0
20	0.000255143	0.0	0.0
20	0.000297696	0.0	0.0
20	0.000347347	0.0	0.0
20	0.000405278	0.0	0.0
20	0.000472871	0.0	0.0
20	0.000551737	0.0	0.0
20	0.000643757	0.0	0.0
20	0.000751124	0.0	0.0
20	0.000876398	0.0	0.0
20	0.00102257	9.53854e-09	0.0319
20	0.00119311	8.27584e-08	0.0122
20	0.0013921	1.19289e-07	0.0121
20	0.00162428	1.676e-07	0.0118
20	0.00189518	2.47131e-08	0.0125
20	0.00221126	3.6438e-08	0.0124
20	0.00258006	5.42567e-08	0.0127
20	0.00301036	7.92483e-08	0.0129
20	0.00351244	1.16354e-07	0.013
20	0.00409825	1.77367e-07	0.0129
20	0.00478176	2.6783e-07	0.013
20	0.00557927	4.28939e-07	0.0129
20	0.0065098	6.79813e-07	0.0127
20	0.00759551	9.59799e-07	0.0131
20	0.00886231	1.69662e-06	0.0123
20	0.0103404	2.17582e-06	0.0132
20	0.012065	3.31958e-06	0.0135
20	0.0140772	5.27894e-06	0.0134
20	0.016425	8.20018e-06	0.0134
20	0.0191644	1.26334e-05	0.0132
20	0.0223607	2.03388e-05	0.0128
20	0.02609	3.14459e-05	0.0122
20	0.0304414	4.83322e-05	0.0114
20	0.0355185	7.81988e-05	0.0101
20	0.0414423	0.000128972	0.0086
20	0.0483541	0.000210805	0.0071
20	0.0564187	0.000355395	0.0057
20	0.0658283	0.000543822	0.0047
20	0.0768073	0.000756701	0.004
20	0.0896174	0.000958829	0.0035
20	0.104564	0.00116091	0.0032
20	0.122003	0.00133874	0.003
20	0.142351	0.00147721	0.0028
20	0.166093	0.00158254	0.0027
20	0.193794	0.0017346	0.0026
20	0.226116	0.00184751	0.0025
20	0.263828	0.00197053	0.0024
20	0.307829	0.00208325	0.0023
20	0.35917	0.00221778	0.0023
20	0.419073	0.00234292	0.0022
20	0.488966	0.00245115	0.0021
20	0.570517	0.00452837	0.0018
20	0.665669	0.00240893	0.002
20	0.776691	0.00247391	0.0019
20	0.906229	0.00253201	0.0018
20	1.05737	0.0026003	0.0018
20	1.23372	0.00267236	0.0018
20	1.43948	0.00273752	0.0017
20	1.67956	0.0028033	0.0017
20	1.95969	0.00285063	0.0017
20	2.28653	0.00289454	0.0017
20	2.66788	0.00293588	0.0017
20	3.11283	0.00294959	0.0016
20	3.63199	0.00296619	0.0016
20	4.23774	0.00294361	0.0016
20	4.94452	0.00291286	0.0017
20	5.76918	0.00286767	0.0017
20	6.73138	0.0028	0.0017
20	7.85405	0.00271566	0.0017
20	9.16396	0.00259481	0.0017
20	10.6923	0.00248541	0.0018
20	12.4756	0.00233886	0.0018
20	14.5563	0.00220226	0.0019
20	16.9841	0.00202919	0.002
20	19.8167	0.00185956	0.002
20	23.1218	0.0016832	0.0022
20	26.9781	0.00150073	0.0023
20	31.4775	0.00129832	0.0024
20	36.7274	0.00108937	0.0027
20	42.8529	0.000835808	0.0031
20	50.0	0.000411496	0.0044
20	total	0.0952989	0.0003
