Segments	Energy	Value	Error
1	0.001	0.0	0.0
1	0.00111427	1.46461e-05	0.0002
1	0.00124159	1.54271e-05	0.0002
1	0.00138347	1.62183e-05	0.0002
1	0.00154155	1.71525e-05	0.0002
1	0.0017177	1.83531e-05	0.0002
1	0.00191398	1.94314e-05	0.0002
1	0.00213269	2.05536e-05	0.0002
1	0.00237639	2.18634e-05	0.0002
1	0.00264793	2.35572e-05	0.0002
1	0.00295051	2.50616e-05	0.0002
1	0.00328766	2.6632e-05	0.0002
1	0.00366333	2.84363e-05	0.0002
1	0.00408194	3.07867e-05	0.0002
1	0.00454837	3.28688e-05	0.0002
1	0.0050681	3.50562e-05	0.0002
1	0.00564723	3.75333e-05	0.0002
1	0.00629252	4.07851e-05	0.0002
1	0.00701156	4.36628e-05	0.0002
1	0.00781276	4.66939e-05	0.0002
1	0.00870551	5.00901e-05	0.0002
1	0.00970027	5.45393e-05	0.0002
1	0.0108087	5.84821e-05	0.0002
1	0.0120438	6.266e-05	0.0002
1	0.01342	6.72833e-05	0.0002
1	0.0149535	7.34336e-05	0.0002
1	0.0166622	7.88585e-05	0.0002
1	0.0185662	8.4572e-05	0.0002
1	0.0206877	9.08203e-05	0.0002
1	0.0230516	9.91745e-05	0.0002
1	0.0256857	0.000106486	0.0002
1	0.0286207	0.000114191	0.0002
1	0.0318912	0.000122522	0.0002
1	0.0355353	0.000133667	0.0002
1	0.0395959	0.000143353	0.0002
1	0.0441204	0.000153532	0.0003
1	0.049162	0.000164244	0.0003
1	0.0547796	0.000178588	0.0003
1	0.0610392	0.000190618	0.0003
1	0.068014	0.000203113	0.0003
1	0.0757858	0.000216198	0.0003
1	0.0844457	0.000234074	0.0003
1	0.0940952	0.000249003	0.0003
1	0.104847	0.000264408	0.0003
1	0.116828	0.000279845	0.0004
1	0.130178	0.000300704	0.0004
1	0.145053	0.000317563	0.0004
1	0.161628	0.0003345	0.0004
1	0.180097	0.000350985	0.0004
1	0.200676	0.000373078	0.0005
1	0.223607	0.000390131	0.0005
1	0.249158	0.000406574	0.0005
1	0.277629	0.000421289	0.0005
1	0.309353	0.000441624	0.0005
1	0.344702	0.000455694	0.0006
1	0.38409	0.000468501	0.0006
1	0.42798	0.000479471	0.0006
1	0.476884	0.000495513	0.0007
1	0.531377	0.000505712	0.0007
1	0.592096	0.000514206	0.0007
1	0.659754	0.000519868	0.0008
1	0.735143	0.000530528	0.0008
1	0.819146	0.00053639	0.0009
1	0.912748	0.000540118	0.0009
1	1.01705	0.000541092	0.001
1	1.13326	0.000546612	0.001
1	1.26276	0.000547821	0.0011
1	1.40705	0.000549195	0.0011
1	1.56783	0.000548922	0.0012
1	1.74699	0.000553705	0.0012
1	1.94661	0.000555846	0.0013
1	2.16905	0.000558786	0.0013
1	2.4169	0.000560483	0.0014
1	2.69307	0.000568565	0.0015
1	3.00081	0.000575949	0.0015
1	3.3437	0.000585829	0.0016
1	3.72578	0.00059408	0.0016
1	4.15152	0.000610173	0.0017
1	4.6259	0.000627759	0.0017
1	5.1545	0.000648369	0.0018
1	5.74349	0.000668088	0.0018
1	6.39979	0.000699434	0.0019
1	7.13108	0.000732233	0.0019
1	7.94594	0.00077228	0.0019
1	8.8539	0.000814794	0.002
1	9.86562	0.000870411	0.002
1	10.9929	0.000938129	0.002
1	12.2491	0.00102006	0.002
1	13.6488	0.00111101	0.0019
1	15.2084	0.00123014	0.0019
1	16.9462	0.00136898	0.0018
1	18.8826	0.00154639	0.0018
1	21.0403	0.0017806	0.0017
1	23.4446	0.00208439	0.0016
1	26.1235	0.00250212	0.0015
1	29.1086	0.00310889	0.0013
1	32.4348	0.00401281	0.0012
1	36.1411	0.00551575	0.001
1	40.2708	0.00832523	0.0008
1	44.8725	0.0163217	0.0005
1	50.0	0.029048	0.0004
2	0.001	0.0	0.0
2	0.00111427	1.51166e-05	0.0002
2	0.00124159	1.59237e-05	0.0002
2	0.00138347	1.67408e-05	0.0002
2	0.00154155	1.77057e-05	0.0002
2	0.0017177	1.8945e-05	0.0002
2	0.00191398	2.00588e-05	0.0002
2	0.00213269	2.122e-05	0.0002
2	0.00237639	2.25727e-05	0.0002
2	0.00264793	2.43239e-05	0.0002
2	0.00295051	2.58801e-05	0.0002
2	0.00328766	2.75037e-05	0.0002
2	0.00366333	2.93697e-05	0.0002
2	0.00408194	3.18025e-05	0.0002
2	0.00454837	3.39605e-05	0.0002
2	0.0050681	3.62265e-05	0.0002
2	0.00564723	3.87945e-05	0.0002
2	0.00629252	4.21634e-05	0.0002
2	0.00701156	4.51535e-05	0.0002
2	0.00781276	4.83062e-05	0.0002
2	0.00870551	5.18434e-05	0.0002
2	0.00970027	5.64711e-05	0.0002
2	0.0108087	6.05833e-05	0.0002
2	0.0120438	6.49509e-05	0.0002
2	0.01342	6.977e-05	0.0002
2	0.0149535	7.61969e-05	0.0002
2	0.0166622	8.18745e-05	0.0002
2	0.0185662	8.78754e-05	0.0002
2	0.0206877	9.44221e-05	0.0002
2	0.0230516	0.000103159	0.0002
2	0.0256857	0.000110853	0.0002
2	0.0286207	0.000118943	0.0002
2	0.0318912	0.000127654	0.0002
2	0.0355353	0.000139324	0.0002
2	0.0395959	0.000149455	0.0002
2	0.0441204	0.000160082	0.0003
2	0.049162	0.000171319	0.0003
2	0.0547796	0.000186402	0.0003
2	0.0610392	0.000199238	0.0003
2	0.068014	0.000212669	0.0003
2	0.0757858	0.000226692	0.0003
2	0.0844457	0.000245659	0.0003
2	0.0940952	0.000261883	0.0003
2	0.104847	0.000278612	0.0003
2	0.116828	0.000295599	0.0004
2	0.130178	0.000318415	0.0004
2	0.145053	0.000337306	0.0004
2	0.161628	0.000356478	0.0004
2	0.180097	0.000375259	0.0004
2	0.200676	0.000400284	0.0004
2	0.223607	0.000420473	0.0005
2	0.249158	0.000440462	0.0005
2	0.277629	0.000458957	0.0005
2	0.309353	0.000483729	0.0005
2	0.344702	0.000502244	0.0005
2	0.38409	0.000520034	0.0006
2	0.42798	0.000535895	0.0006
2	0.476884	0.000558139	0.0006
2	0.531377	0.000574218	0.0007
2	0.592096	0.000589359	0.0007
2	0.659754	0.000601083	0.0007
2	0.735143	0.000618724	0.0008
2	0.819146	0.000630687	0.0008
2	0.912748	0.000641471	0.0008
2	1.01705	0.000648683	0.0009
2	1.13326	0.000661777	0.0009
2	1.26276	0.0006704	0.0009
2	1.40705	0.000678438	0.001
2	1.56783	0.000683298	0.001
2	1.74699	0.000694808	0.0011
2	1.94661	0.000702192	0.0011
2	2.16905	0.000709515	0.0012
2	2.4169	0.000713432	0.0012
2	2.69307	0.000726305	0.0013
2	3.00081	0.000737686	0.0013
2	3.3437	0.000749152	0.0014
2	3.72578	0.000759917	0.0014
2	4.15152	0.000780864	0.0015
2	4.6259	0.000802377	0.0015
2	5.1545	0.00082757	0.0016
2	5.74349	0.000852472	0.0016
2	6.39979	0.000889596	0.0017
2	7.13108	0.000932624	0.0017
2	7.94594	0.000983493	0.0017
2	8.8539	0.00103501	0.0017
2	9.86562	0.00111597	0.0017
2	10.9929	0.00120322	0.0017
2	12.2491	0.00130604	0.0017
2	13.6488	0.00142622	0.0017
2	15.2084	0.00157895	0.0017
2	16.9462	0.0017634	0.0016
2	18.8826	0.0020023	0.0016
2	21.0403	0.00229529	0.0015
2	23.4446	0.00269677	0.0014
2	26.1235	0.00325601	0.0013
2	29.1086	0.00405877	0.0012
2	32.4348	0.00526351	0.001
2	36.1411	0.00727814	0.0009
2	40.2708	0.0113039	0.0007
2	44.8725	0.0247802	0.0004
2	50.0	0.00761125	0.0007
3	0.001	0.0	0.0
3	0.00111427	1.52795e-05	0.0002
3	0.00124159	1.60956e-05	0.0002
3	0.00138347	1.69219e-05	0.0002
3	0.00154155	1.78965e-05	0.0002
3	0.0017177	1.91516e-05	0.0002
3	0.00191398	2.0277e-05	0.0002
3	0.00213269	2.14516e-05	0.0002
3	0.00237639	2.28207e-05	0.0002
3	0.00264793	2.45924e-05	0.0002
3	0.00295051	2.61666e-05	0.0002
3	0.00328766	2.78124e-05	0.0002
3	0.00366333	2.97027e-05	0.0002
3	0.00408194	3.21639e-05	0.0002
3	0.00454837	3.43488e-05	0.0002
3	0.0050681	3.66437e-05	0.0002
3	0.00564723	3.92442e-05	0.0002
3	0.00629252	4.26624e-05	0.0002
3	0.00701156	4.56944e-05	0.0002
3	0.00781276	4.88903e-05	0.0002
3	0.00870551	5.24799e-05	0.0002
3	0.00970027	5.71704e-05	0.0002
3	0.0108087	6.13611e-05	0.0002
3	0.0120438	6.57983e-05	0.0002
3	0.01342	7.07068e-05	0.0002
3	0.0149535	7.72418e-05	0.0002
3	0.0166622	8.30176e-05	0.0002
3	0.0185662	8.91405e-05	0.0002
3	0.0206877	9.58215e-05	0.0002
3	0.0230516	0.000104761	0.0002
3	0.0256857	0.000112613	0.0002
3	0.0286207	0.000120912	0.0002
3	0.0318912	0.000129829	0.0002
3	0.0355353	0.000141751	0.0002
3	0.0395959	0.000152118	0.0003
3	0.0441204	0.000163007	0.0003
3	0.049162	0.000174509	0.0003
3	0.0547796	0.000189931	0.0003
3	0.0610392	0.000203125	0.0003
3	0.068014	0.000216937	0.0003
3	0.0757858	0.000231357	0.0003
3	0.0844457	0.000250942	0.0003
3	0.0940952	0.00026763	0.0003
3	0.104847	0.000284997	0.0003
3	0.116828	0.000302692	0.0004
3	0.130178	0.00032632	0.0004
3	0.145053	0.000346133	0.0004
3	0.161628	0.000366345	0.0004
3	0.180097	0.000386321	0.0004
3	0.200676	0.000413023	0.0004
3	0.223607	0.000434654	0.0005
3	0.249158	0.000456262	0.0005
3	0.277629	0.000476348	0.0005
3	0.309353	0.000503304	0.0005
3	0.344702	0.00052382	0.0005
3	0.38409	0.000543911	0.0006
3	0.42798	0.00056233	0.0006
3	0.476884	0.00058775	0.0006
3	0.531377	0.000606729	0.0006
3	0.592096	0.000624983	0.0007
3	0.659754	0.000639682	0.0007
3	0.735143	0.000661905	0.0007
3	0.819146	0.00067817	0.0008
3	0.912748	0.000693231	0.0008
3	1.01705	0.000704759	0.0008
3	1.13326	0.000723402	0.0009
3	1.26276	0.000737262	0.0009
3	1.40705	0.000750967	0.0009
3	1.56783	0.000760844	0.001
3	1.74699	0.000778386	0.001
3	1.94661	0.000792531	0.0011
3	2.16905	0.000807444	0.0011
3	2.4169	0.000818729	0.0011
3	2.69307	0.000839132	0.0012
3	3.00081	0.000857531	0.0012
3	3.3437	0.000877001	0.0013
3	3.72578	0.000895009	0.0013
3	4.15152	0.000924913	0.0014
3	4.6259	0.000956076	0.0014
3	5.1545	0.000991265	0.0014
3	5.74349	0.00102744	0.0015
3	6.39979	0.00108129	0.0015
3	7.13108	0.0011386	0.0015
3	7.94594	0.00120455	0.0015
3	8.8539	0.00127758	0.0016
3	9.86562	0.00137738	0.0016
3	10.9929	0.00148722	0.0016
3	12.2491	0.00161618	0.0015
3	13.6488	0.00175789	0.0015
3	15.2084	0.00195242	0.0015
3	16.9462	0.0021844	0.0014
3	18.8826	0.00247434	0.0014
3	21.0403	0.00284823	0.0013
3	23.4446	0.00335744	0.0012
3	26.1235	0.00405634	0.0011
3	29.1086	0.00506104	0.001
3	32.4348	0.00654403	0.0009
3	36.1411	0.0090986	0.0008
3	40.2708	0.0144777	0.0006
3	44.8725	0.0181388	0.0005
3	50.0	1.01748e-05	0.0095
4	0.001	0.0	0.0
4	0.00111427	1.52225e-05	0.0002
4	0.00124159	1.6035e-05	0.0002
4	0.00138347	1.68584e-05	0.0002
4	0.00154155	1.78307e-05	0.0002
4	0.0017177	1.90803e-05	0.0002
4	0.00191398	2.02032e-05	0.0002
4	0.00213269	2.13725e-05	0.0002
4	0.00237639	2.27393e-05	0.0002
4	0.00264793	2.4503e-05	0.0002
4	0.00295051	2.60741e-05	0.0002
4	0.00328766	2.77147e-05	0.0002
4	0.00366333	2.96001e-05	0.0002
4	0.00408194	3.20524e-05	0.0002
4	0.00454837	3.42342e-05	0.0002
4	0.0050681	3.65234e-05	0.0002
4	0.00564723	3.91215e-05	0.0002
4	0.00629252	4.25323e-05	0.0002
4	0.00701156	4.55619e-05	0.0002
4	0.00781276	4.87519e-05	0.0002
4	0.00870551	5.23402e-05	0.0002
4	0.00970027	5.70262e-05	0.0002
4	0.0108087	6.12088e-05	0.0002
4	0.0120438	6.56498e-05	0.0002
4	0.01342	7.05673e-05	0.0002
4	0.0149535	7.71051e-05	0.0002
4	0.0166622	8.28927e-05	0.0002
4	0.0185662	8.90318e-05	0.0002
4	0.0206877	9.57381e-05	0.0002
4	0.0230516	0.000104692	0.0002
4	0.0256857	0.000112606	0.0002
4	0.0286207	0.000120947	0.0002
4	0.0318912	0.000129932	0.0003
4	0.0355353	0.000141919	0.0003
4	0.0395959	0.000152386	0.0003
4	0.0441204	0.00016336	0.0003
4	0.049162	0.000174947	0.0003
4	0.0547796	0.000190438	0.0003
4	0.0610392	0.00020379	0.0003
4	0.068014	0.000217782	0.0003
4	0.0757858	0.000232414	0.0003
4	0.0844457	0.000252271	0.0003
4	0.0940952	0.000269171	0.0003
4	0.104847	0.000286813	0.0003
4	0.116828	0.000304889	0.0004
4	0.130178	0.000329106	0.0004
4	0.145053	0.00034943	0.0004
4	0.161628	0.000370307	0.0004
4	0.180097	0.00039099	0.0004
4	0.200676	0.000418586	0.0004
4	0.223607	0.000441278	0.0005
4	0.249158	0.000463823	0.0005
4	0.277629	0.000485175	0.0005
4	0.309353	0.000513697	0.0005
4	0.344702	0.000536039	0.0005
4	0.38409	0.000557718	0.0006
4	0.42798	0.000578256	0.0006
4	0.476884	0.000605948	0.0006
4	0.531377	0.000627583	0.0006
4	0.592096	0.000648165	0.0007
4	0.659754	0.00066599	0.0007
4	0.735143	0.000691034	0.0007
4	0.819146	0.000710119	0.0007
4	0.912748	0.000728948	0.0008
4	1.01705	0.000744357	0.0008
4	1.13326	0.000767508	0.0008
4	1.26276	0.000785496	0.0009
4	1.40705	0.00080358	0.0009
4	1.56783	0.000818137	0.0009
4	1.74699	0.000841257	0.001
4	1.94661	0.000861579	0.001
4	2.16905	0.000883217	0.0011
4	2.4169	0.000901489	0.0011
4	2.69307	0.000928274	0.0011
4	3.00081	0.000953932	0.0012
4	3.3437	0.000984781	0.0012
4	3.72578	0.00101356	0.0012
4	4.15152	0.00105515	0.0013
4	4.6259	0.00109738	0.0013
4	5.1545	0.00114505	0.0013
4	5.74349	0.00119209	0.0014
4	6.39979	0.00126134	0.0014
4	7.13108	0.00133413	0.0014
4	7.94594	0.00141947	0.0014
4	8.8539	0.00151018	0.0014
4	9.86562	0.00162907	0.0014
4	10.9929	0.00175788	0.0014
4	12.2491	0.00191356	0.0014
4	13.6488	0.00209006	0.0014
4	15.2084	0.0023264	0.0014
4	16.9462	0.00260388	0.0013
4	18.8826	0.00296396	0.0013
4	21.0403	0.00340338	0.0012
4	23.4446	0.00401907	0.0011
4	26.1235	0.00485309	0.001
4	29.1086	0.00601803	0.0009
4	32.4348	0.0077469	0.0008
4	36.1411	0.0107183	0.0007
4	40.2708	0.016013	0.0006
4	44.8725	0.00498339	0.001
4	50.0	5.36366e-07	0.0905
5	0.001	0.0	0.0
5	0.00111427	1.4916e-05	0.0002
5	0.00124159	1.57126e-05	0.0002
5	0.00138347	1.65192e-05	0.0002
5	0.00154155	1.74723e-05	0.0002
5	0.0017177	1.86975e-05	0.0002
5	0.00191398	1.97986e-05	0.0002
5	0.00213269	2.09447e-05	0.0002
5	0.00237639	2.22841e-05	0.0002
5	0.00264793	2.40134e-05	0.0002
5	0.00295051	2.55539e-05	0.0002
5	0.00328766	2.71642e-05	0.0002
5	0.00366333	2.9013e-05	0.0002
5	0.00408194	3.14213e-05	0.0002
5	0.00454837	3.35596e-05	0.0002
5	0.0050681	3.58099e-05	0.0002
5	0.00564723	3.83609e-05	0.0002
5	0.00629252	4.17071e-05	0.0002
5	0.00701156	4.46781e-05	0.0002
5	0.00781276	4.78191e-05	0.0002
5	0.00870551	5.13417e-05	0.0002
5	0.00970027	5.59524e-05	0.0002
5	0.0108087	6.0066e-05	0.0002
5	0.0120438	6.44338e-05	0.0002
5	0.01342	6.92721e-05	0.0002
5	0.0149535	7.57041e-05	0.0002
5	0.0166622	8.14025e-05	0.0002
5	0.0185662	8.74521e-05	0.0002
5	0.0206877	9.40737e-05	0.0002
5	0.0230516	0.00010291	0.0002
5	0.0256857	0.000110694	0.0003
5	0.0286207	0.000118961	0.0003
5	0.0318912	0.000127853	0.0003
5	0.0355353	0.00013974	0.0003
5	0.0395959	0.000150086	0.0003
5	0.0441204	0.000160982	0.0003
5	0.049162	0.000172461	0.0003
5	0.0547796	0.000187893	0.0003
5	0.0610392	0.000201171	0.0003
5	0.068014	0.00021506	0.0003
5	0.0757858	0.000229635	0.0003
5	0.0844457	0.000249316	0.0003
5	0.0940952	0.000266245	0.0003
5	0.104847	0.000283869	0.0004
5	0.116828	0.000301953	0.0004
5	0.130178	0.000326125	0.0004
5	0.145053	0.000346722	0.0004
5	0.161628	0.000367887	0.0004
5	0.180097	0.000388842	0.0004
5	0.200676	0.000416735	0.0004
5	0.223607	0.000439918	0.0005
5	0.249158	0.000463276	0.0005
5	0.277629	0.000485539	0.0005
5	0.309353	0.000515033	0.0005
5	0.344702	0.000538071	0.0005
5	0.38409	0.00056113	0.0006
5	0.42798	0.000582863	0.0006
5	0.476884	0.000612524	0.0006
5	0.531377	0.000636201	0.0006
5	0.592096	0.000658957	0.0007
5	0.659754	0.000679101	0.0007
5	0.735143	0.000706536	0.0007
5	0.819146	0.00072898	0.0007
5	0.912748	0.000751015	0.0008
5	1.01705	0.000769267	0.0008
5	1.13326	0.000796016	0.0008
5	1.26276	0.000818217	0.0009
5	1.40705	0.000841521	0.0009
5	1.56783	0.000860644	0.0009
5	1.74699	0.000888466	0.001
5	1.94661	0.00091349	0.001
5	2.16905	0.000939644	0.001
5	2.4169	0.000962791	0.0011
5	2.69307	0.000999895	0.0011
5	3.00081	0.00103452	0.0011
5	3.3437	0.00107326	0.0012
5	3.72578	0.00110802	0.0012
5	4.15152	0.00116061	0.0012
5	4.6259	0.00121208	0.0012
5	5.1545	0.00127301	0.0013
5	5.74349	0.00133274	0.0013
5	6.39979	0.00141458	0.0013
5	7.13108	0.0015015	0.0013
5	7.94594	0.00160164	0.0013
5	8.8539	0.00170887	0.0013
5	9.86562	0.00184899	0.0013
5	10.9929	0.00200605	0.0013
5	12.2491	0.0021891	0.0013
5	13.6488	0.00240454	0.0013
5	15.2084	0.00267863	0.0013
5	16.9462	0.0030093	0.0012
5	18.8826	0.00341318	0.0012
5	21.0403	0.00392577	0.0011
5	23.4446	0.0046286	0.001
5	26.1235	0.0055551	0.001
5	29.1086	0.00681041	0.0009
5	32.4348	0.00865094	0.0008
5	36.1411	0.0114803	0.0007
5	40.2708	0.009865	0.0008
5	44.8725	0.000111635	0.0043
5	50.0	5.65948e-07	0.0897
6	0.001	0.0	0.0
6	0.00111427	1.43072e-05	0.0002
6	0.00124159	1.50713e-05	0.0002
6	0.00138347	1.58455e-05	0.0002
6	0.00154155	1.67589e-05	0.0002
6	0.0017177	1.79346e-05	0.0002
6	0.00191398	1.89904e-05	0.0002
6	0.00213269	2.00907e-05	0.0002
6	0.00237639	2.13762e-05	0.0002
6	0.00264793	2.30367e-05	0.0002
6	0.00295051	2.45148e-05	0.0002
6	0.00328766	2.60585e-05	0.0002
6	0.00366333	2.7832e-05	0.0002
6	0.00408194	3.01461e-05	0.0002
6	0.00454837	3.22e-05	0.0002
6	0.0050681	3.43577e-05	0.0002
6	0.00564723	3.68058e-05	0.0002
6	0.00629252	4.00212e-05	0.0002
6	0.00701156	4.28799e-05	0.0002
6	0.00781276	4.5895e-05	0.0002
6	0.00870551	4.92814e-05	0.0002
6	0.00970027	5.37141e-05	0.0002
6	0.0108087	5.76703e-05	0.0002
6	0.0120438	6.18743e-05	0.0002
6	0.01342	6.65398e-05	0.0002
6	0.0149535	7.27305e-05	0.0002
6	0.0166622	7.82339e-05	0.0003
6	0.0185662	8.40752e-05	0.0003
6	0.0206877	9.04568e-05	0.0003
6	0.0230516	9.89731e-05	0.0003
6	0.0256857	0.000106516	0.0003
6	0.0286207	0.000114528	0.0003
6	0.0318912	0.000123123	0.0003
6	0.0355353	0.000134632	0.0003
6	0.0395959	0.000144694	0.0003
6	0.0441204	0.000155242	0.0003
6	0.049162	0.000166433	0.0003
6	0.0547796	0.00018138	0.0003
6	0.0610392	0.000194347	0.0003
6	0.068014	0.000207882	0.0003
6	0.0757858	0.000222104	0.0003
6	0.0844457	0.000241278	0.0003
6	0.0940952	0.000257884	0.0004
6	0.104847	0.000275213	0.0004
6	0.116828	0.000292951	0.0004
6	0.130178	0.000316732	0.0004
6	0.145053	0.000337041	0.0004
6	0.161628	0.000358022	0.0004
6	0.180097	0.000378771	0.0004
6	0.200676	0.000406721	0.0005
6	0.223607	0.000429897	0.0005
6	0.249158	0.000453448	0.0005
6	0.277629	0.000475904	0.0005
6	0.309353	0.000505547	0.0005
6	0.344702	0.000529366	0.0005
6	0.38409	0.000553336	0.0006
6	0.42798	0.000575876	0.0006
6	0.476884	0.000606132	0.0006
6	0.531377	0.000630642	0.0006
6	0.592096	0.000655257	0.0007
6	0.659754	0.000677405	0.0007
6	0.735143	0.00070713	0.0007
6	0.819146	0.000731225	0.0007
6	0.912748	0.00075513	0.0008
6	1.01705	0.000776603	0.0008
6	1.13326	0.000806548	0.0008
6	1.26276	0.000831809	0.0009
6	1.40705	0.000857704	0.0009
6	1.56783	0.000880083	0.0009
6	1.74699	0.000912723	0.0009
6	1.94661	0.000942832	0.001
6	2.16905	0.000975251	0.001
6	2.4169	0.00100461	0.001
6	2.69307	0.00104583	0.0011
6	3.00081	0.001086	0.0011
6	3.3437	0.00113079	0.0011
6	3.72578	0.00117392	0.0011
6	4.15152	0.00123461	0.0012
6	4.6259	0.00129453	0.0012
6	5.1545	0.00136318	0.0012
6	5.74349	0.00143271	0.0012
6	6.39979	0.00152987	0.0013
6	7.13108	0.00163034	0.0013
6	7.94594	0.00174674	0.0013
6	8.8539	0.00186702	0.0013
6	9.86562	0.00202866	0.0013
6	10.9929	0.00220777	0.0013
6	12.2491	0.00242194	0.0012
6	13.6488	0.00266055	0.0012
6	15.2084	0.00297202	0.0012
6	16.9462	0.00333385	0.0012
6	18.8826	0.00378869	0.0011
6	21.0403	0.0043518	0.0011
6	23.4446	0.00509526	0.001
6	26.1235	0.00603053	0.0009
6	29.1086	0.00727462	0.0008
6	32.4348	0.00886084	0.0008
6	36.1411	0.00964484	0.0008
6	40.2708	0.00220863	0.0015
6	44.8725	5.78548e-06	0.0314
6	50.0	4.6408e-07	0.0955
7	0.001	0.0	0.0
7	0.00111427	1.33743e-05	0.0002
7	0.00124159	1.4089e-05	0.0002
7	0.00138347	1.48129e-05	0.0003
7	0.00154155	1.56675e-05	0.0003
7	0.0017177	1.67673e-05	0.0003
7	0.00191398	1.77554e-05	0.0003
7	0.00213269	1.87837e-05	0.0003
7	0.00237639	1.99849e-05	0.0003
7	0.00264793	2.15377e-05	0.0003
7	0.00295051	2.29198e-05	0.0003
7	0.00328766	2.43627e-05	0.0003
7	0.00366333	2.60247e-05	0.0003
7	0.00408194	2.81869e-05	0.0003
7	0.00454837	3.01108e-05	0.0003
7	0.0050681	3.21322e-05	0.0003
7	0.00564723	3.44245e-05	0.0003
7	0.00629252	3.74357e-05	0.0003
7	0.00701156	4.01134e-05	0.0003
7	0.00781276	4.29414e-05	0.0003
7	0.00870551	4.61183e-05	0.0003
7	0.00970027	5.02696e-05	0.0003
7	0.0108087	5.39787e-05	0.0003
7	0.0120438	5.79341e-05	0.0003
7	0.01342	6.22975e-05	0.0003
7	0.0149535	6.81176e-05	0.0003
7	0.0166622	7.32822e-05	0.0003
7	0.0185662	7.8769e-05	0.0003
7	0.0206877	8.47721e-05	0.0003
7	0.0230516	9.27852e-05	0.0003
7	0.0256857	9.98937e-05	0.0003
7	0.0286207	0.000107438	0.0003
7	0.0318912	0.000115555	0.0003
7	0.0355353	0.000126405	0.0003
7	0.0395959	0.000135901	0.0003
7	0.0441204	0.000145911	0.0003
7	0.049162	0.000156525	0.0003
7	0.0547796	0.000170703	0.0003
7	0.0610392	0.00018297	0.0003
7	0.068014	0.000195889	0.0003
7	0.0757858	0.000209455	0.0004
7	0.0844457	0.000227715	0.0004
7	0.0940952	0.000243565	0.0004
7	0.104847	0.000260004	0.0004
7	0.116828	0.000277062	0.0004
7	0.130178	0.000299936	0.0004
7	0.145053	0.000319507	0.0004
7	0.161628	0.000339744	0.0004
7	0.180097	0.00036003	0.0005
7	0.200676	0.000387077	0.0005
7	0.223607	0.000409796	0.0005
7	0.249158	0.000432762	0.0005
7	0.277629	0.000455109	0.0005
7	0.309353	0.000484112	0.0005
7	0.344702	0.000507613	0.0006
7	0.38409	0.000531434	0.0006
7	0.42798	0.000554744	0.0006
7	0.476884	0.000585614	0.0006
7	0.531377	0.000610901	0.0006
7	0.592096	0.000635892	0.0007
7	0.659754	0.000658294	0.0007
7	0.735143	0.00068926	0.0007
7	0.819146	0.000714914	0.0007
7	0.912748	0.000741309	0.0008
7	1.01705	0.000764428	0.0008
7	1.13326	0.00079691	0.0008
7	1.26276	0.00082497	0.0009
7	1.40705	0.000853169	0.0009
7	1.56783	0.000878953	0.0009
7	1.74699	0.000914907	0.0009
7	1.94661	0.000947989	0.001
7	2.16905	0.000983849	0.001
7	2.4169	0.00101782	0.001
7	2.69307	0.00106539	0.0011
7	3.00081	0.00110998	0.0011
7	3.3437	0.00115936	0.0011
7	3.72578	0.0012071	0.0011
7	4.15152	0.0012728	0.0012
7	4.6259	0.00134099	0.0012
7	5.1545	0.00141948	0.0012
7	5.74349	0.00149925	0.0012
7	6.39979	0.00160298	0.0012
7	7.13108	0.00171315	0.0012
7	7.94594	0.00184013	0.0012
7	8.8539	0.0019736	0.0012
7	9.86562	0.00215364	0.0012
7	10.9929	0.00235096	0.0012
7	12.2491	0.00257811	0.0012
7	13.6488	0.00283099	0.0012
7	15.2084	0.00316068	0.0011
7	16.9462	0.00355142	0.0011
7	18.8826	0.00402122	0.0011
7	21.0403	0.00459066	0.001
7	23.4446	0.00529968	0.001
7	26.1235	0.0061478	0.0009
7	29.1086	0.00712462	0.0009
7	32.4348	0.00771921	0.0008
7	36.1411	0.00429819	0.0012
7	40.2708	7.16464e-05	0.0067
7	44.8725	5.2504e-06	0.0324
7	50.0	5.5335e-07	0.093
8	0.001	0.0	0.0
8	0.00111427	1.21329e-05	0.0003
8	0.00124159	1.27819e-05	0.0003
8	0.00138347	1.34383e-05	0.0003
8	0.00154155	1.42134e-05	0.0003
8	0.0017177	1.52111e-05	0.0003
8	0.00191398	1.61068e-05	0.0003
8	0.00213269	1.70411e-05	0.0003
8	0.00237639	1.81318e-05	0.0003
8	0.00264793	1.95412e-05	0.0003
8	0.00295051	2.07953e-05	0.0003
8	0.00328766	2.21078e-05	0.0003
8	0.00366333	2.3613e-05	0.0003
8	0.00408194	2.55787e-05	0.0003
8	0.00454837	2.73276e-05	0.0003
8	0.0050681	2.9163e-05	0.0003
8	0.00564723	3.12488e-05	0.0003
8	0.00629252	3.39812e-05	0.0003
8	0.00701156	3.64153e-05	0.0003
8	0.00781276	3.89851e-05	0.0003
8	0.00870551	4.18753e-05	0.0003
8	0.00970027	4.56497e-05	0.0003
8	0.0108087	4.90319e-05	0.0003
8	0.0120438	5.26287e-05	0.0003
8	0.01342	5.66104e-05	0.0003
8	0.0149535	6.19082e-05	0.0003
8	0.0166622	6.66259e-05	0.0003
8	0.0185662	7.16309e-05	0.0003
8	0.0206877	7.71236e-05	0.0003
8	0.0230516	8.44399e-05	0.0003
8	0.0256857	9.09391e-05	0.0003
8	0.0286207	9.78244e-05	0.0003
8	0.0318912	0.000105269	0.0003
8	0.0355353	0.000115198	0.0003
8	0.0395959	0.000123947	0.0003
8	0.0441204	0.000133148	0.0003
8	0.049162	0.00014289	0.0003
8	0.0547796	0.000155951	0.0004
8	0.0610392	0.0001673	0.0004
8	0.068014	0.000179245	0.0004
8	0.0757858	0.000191802	0.0004
8	0.0844457	0.000208677	0.0004
8	0.0940952	0.000223352	0.0004
8	0.104847	0.000238737	0.0004
8	0.116828	0.000254659	0.0004
8	0.130178	0.000275978	0.0004
8	0.145053	0.000294267	0.0005
8	0.161628	0.000313397	0.0005
8	0.180097	0.000332564	0.0005
8	0.200676	0.000358121	0.0005
8	0.223607	0.000379779	0.0005
8	0.249158	0.000401735	0.0005
8	0.277629	0.000422918	0.0005
8	0.309353	0.000451037	0.0006
8	0.344702	0.000474036	0.0006
8	0.38409	0.000497099	0.0006
8	0.42798	0.000519906	0.0006
8	0.476884	0.000550378	0.0006
8	0.531377	0.000575545	0.0007
8	0.592096	0.000600695	0.0007
8	0.659754	0.000623685	0.0007
8	0.735143	0.000655022	0.0007
8	0.819146	0.0006816	0.0008
8	0.912748	0.000708495	0.0008
8	1.01705	0.000732807	0.0008
8	1.13326	0.000766024	0.0008
8	1.26276	0.000795586	0.0009
8	1.40705	0.000826106	0.0009
8	1.56783	0.000854139	0.0009
8	1.74699	0.000893186	0.001
8	1.94661	0.000928314	0.001
8	2.16905	0.000966647	0.001
8	2.4169	0.00100258	0.001
8	2.69307	0.00105158	0.0011
8	3.00081	0.00109891	0.0011
8	3.3437	0.00115307	0.0011
8	3.72578	0.00120588	0.0011
8	4.15152	0.00127721	0.0011
8	4.6259	0.00135019	0.0012
8	5.1545	0.00143275	0.0012
8	5.74349	0.00151596	0.0012
8	6.39979	0.00162219	0.0012
8	7.13108	0.00174059	0.0012
8	7.94594	0.00187723	0.0012
8	8.8539	0.00201756	0.0012
8	9.86562	0.00219633	0.0012
8	10.9929	0.0023943	0.0012
8	12.2491	0.00263172	0.0012
8	13.6488	0.00290025	0.0012
8	15.2084	0.0032265	0.0011
8	16.9462	0.00360012	0.0011
8	18.8826	0.00405218	0.0011
8	21.0403	0.00455519	0.001
8	23.4446	0.00514771	0.001
8	26.1235	0.00574271	0.001
8	29.1086	0.00607319	0.0009
8	32.4348	0.0046332	0.0011
8	36.1411	0.000649178	0.0027
8	40.2708	1.62713e-05	0.0187
8	44.8725	5.25825e-06	0.0326
8	50.0	6.38038e-07	0.0846
9	0.001	0.0	0.0
9	0.00111427	1.06803e-05	0.0003
9	0.00124159	1.12513e-05	0.0003
9	0.00138347	1.18298e-05	0.0003
9	0.00154155	1.25118e-05	0.0003
9	0.0017177	1.33903e-05	0.0003
9	0.00191398	1.418e-05	0.0003
9	0.00213269	1.50025e-05	0.0003
9	0.00237639	1.59618e-05	0.0003
9	0.00264793	1.72036e-05	0.0003
9	0.00295051	1.83082e-05	0.0003
9	0.00328766	1.94631e-05	0.0003
9	0.00366333	2.07923e-05	0.0003
9	0.00408194	2.25227e-05	0.0003
9	0.00454837	2.40623e-05	0.0003
9	0.0050681	2.568e-05	0.0003
9	0.00564723	2.75168e-05	0.0003
9	0.00629252	2.99301e-05	0.0003
9	0.00701156	3.20802e-05	0.0003
9	0.00781276	3.43485e-05	0.0003
9	0.00870551	3.6896e-05	0.0003
9	0.00970027	4.02328e-05	0.0003
9	0.0108087	4.32175e-05	0.0003
9	0.0120438	4.63951e-05	0.0003
9	0.01342	4.99188e-05	0.0003
9	0.0149535	5.46078e-05	0.0003
9	0.0166622	5.87861e-05	0.0003
9	0.0185662	6.32217e-05	0.0003
9	0.0206877	6.80963e-05	0.0003
9	0.0230516	7.45826e-05	0.0003
9	0.0256857	8.03545e-05	0.0004
9	0.0286207	8.64736e-05	0.0004
9	0.0318912	9.30966e-05	0.0004
9	0.0355353	0.00010196	0.0004
9	0.0395959	0.000109778	0.0004
9	0.0441204	0.000117997	0.0004
9	0.049162	0.000126736	0.0004
9	0.0547796	0.00013843	0.0004
9	0.0610392	0.000148605	0.0004
9	0.068014	0.000159313	0.0004
9	0.0757858	0.000170581	0.0004
9	0.0844457	0.000185796	0.0004
9	0.0940952	0.000199099	0.0004
9	0.104847	0.000213116	0.0004
9	0.116828	0.000227569	0.0005
9	0.130178	0.000246959	0.0005
9	0.145053	0.000263801	0.0005
9	0.161628	0.000281285	0.0005
9	0.180097	0.000298916	0.0005
9	0.200676	0.000322458	0.0005
9	0.223607	0.000342469	0.0005
9	0.249158	0.000363004	0.0006
9	0.277629	0.000382977	0.0006
9	0.309353	0.000409338	0.0006
9	0.344702	0.000430762	0.0006
9	0.38409	0.000453001	0.0006
9	0.42798	0.00047486	0.0007
9	0.476884	0.000503947	0.0007
9	0.531377	0.000528511	0.0007
9	0.592096	0.000553393	0.0007
9	0.659754	0.000576173	0.0008
9	0.735143	0.000606855	0.0008
9	0.819146	0.000633776	0.0008
9	0.912748	0.000660642	0.0008
9	1.01705	0.000685171	0.0008
9	1.13326	0.000718413	0.0009
9	1.26276	0.000748588	0.0009
9	1.40705	0.00077992	0.0009
9	1.56783	0.000808746	0.001
9	1.74699	0.000848229	0.001
9	1.94661	0.000885687	0.001
9	2.16905	0.000925537	0.001
9	2.4169	0.000962917	0.0011
9	2.69307	0.00101379	0.0011
9	3.00081	0.00106394	0.0011
9	3.3437	0.00111991	0.0011
9	3.72578	0.00117296	0.0011
9	4.15152	0.00124562	0.0012
9	4.6259	0.0013197	0.0012
9	5.1545	0.00140355	0.0012
9	5.74349	0.00148377	0.0012
9	6.39979	0.00159489	0.0012
9	7.13108	0.00171407	0.0012
9	7.94594	0.00184528	0.0012
9	8.8539	0.00198273	0.0012
9	9.86562	0.00216037	0.0012
9	10.9929	0.00236044	0.0012
9	12.2491	0.00258865	0.0012
9	13.6488	0.00282872	0.0012
9	15.2084	0.00313336	0.0012
9	16.9462	0.00347082	0.0011
9	18.8826	0.00384225	0.0011
9	21.0403	0.00421606	0.0011
9	23.4446	0.00458016	0.0011
9	26.1235	0.0047177	0.0011
9	29.1086	0.00397195	0.0012
9	32.4348	0.00130234	0.0021
9	36.1411	4.17311e-05	0.011
9	40.2708	1.63319e-05	0.0188
9	44.8725	5.3808e-06	0.032
9	50.0	6.10887e-07	0.0896
10	0.001	0.0	0.0
10	0.00111427	9.13244e-06	0.0004
10	0.00124159	9.62095e-06	0.0004
10	0.00138347	1.01152e-05	0.0004
10	0.00154155	1.06994e-05	0.0004
10	0.0017177	1.14505e-05	0.0004
10	0.00191398	1.21248e-05	0.0004
10	0.00213269	1.28286e-05	0.0004
10	0.00237639	1.36507e-05	0.0004
10	0.00264793	1.47134e-05	0.0004
10	0.00295051	1.56589e-05	0.0004
10	0.00328766	1.66497e-05	0.0004
10	0.00366333	1.77869e-05	0.0004
10	0.00408194	1.92693e-05	0.0004
10	0.00454837	2.0588e-05	0.0004
10	0.0050681	2.1974e-05	0.0004
10	0.00564723	2.35496e-05	0.0004
10	0.00629252	2.56155e-05	0.0004
10	0.00701156	2.74566e-05	0.0004
10	0.00781276	2.94047e-05	0.0004
10	0.00870551	3.15931e-05	0.0004
10	0.00970027	3.44524e-05	0.0004
10	0.0108087	3.70193e-05	0.0004
10	0.0120438	3.97494e-05	0.0004
10	0.01342	4.27818e-05	0.0004
10	0.0149535	4.68194e-05	0.0004
10	0.0166622	5.04159e-05	0.0004
10	0.0185662	5.42477e-05	0.0004
10	0.0206877	5.84487e-05	0.0004
10	0.0230516	6.40591e-05	0.0004
10	0.0256857	6.90569e-05	0.0004
10	0.0286207	7.43587e-05	0.0004
10	0.0318912	8.01118e-05	0.0004
10	0.0355353	8.78037e-05	0.0004
10	0.0395959	9.46037e-05	0.0004
10	0.0441204	0.000101771	0.0004
10	0.049162	0.0001094	0.0004
10	0.0547796	0.000119586	0.0004
10	0.0610392	0.00012849	0.0004
10	0.068014	0.00013792	0.0005
10	0.0757858	0.00014785	0.0005
10	0.0844457	0.000161217	0.0005
10	0.0940952	0.000172901	0.0005
10	0.104847	0.000185197	0.0005
10	0.116828	0.000198062	0.0005
10	0.130178	0.000215213	0.0005
10	0.145053	0.000230287	0.0005
10	0.161628	0.000245986	0.0005
10	0.180097	0.000261871	0.0006
10	0.200676	0.000283035	0.0006
10	0.223607	0.000301108	0.0006
10	0.249158	0.000319815	0.0006
10	0.277629	0.000338281	0.0006
10	0.309353	0.000362274	0.0006
10	0.344702	0.000382345	0.0007
10	0.38409	0.000402887	0.0007
10	0.42798	0.000423429	0.0007
10	0.476884	0.000450299	0.0007
10	0.531377	0.000473736	0.0007
10	0.592096	0.000497484	0.0008
10	0.659754	0.000519684	0.0008
10	0.735143	0.000549089	0.0008
10	0.819146	0.000574919	0.0008
10	0.912748	0.000600897	0.0009
10	1.01705	0.000626461	0.0009
10	1.13326	0.0006587	0.0009
10	1.26276	0.000688698	0.0009
10	1.40705	0.000720007	0.001
10	1.56783	0.000749785	0.001
10	1.74699	0.000788152	0.001
10	1.94661	0.00082567	0.001
10	2.16905	0.000865382	0.0011
10	2.4169	0.000902428	0.0011
10	2.69307	0.000952749	0.0011
10	3.00081	0.00100215	0.0011
10	3.3437	0.00105725	0.0012
10	3.72578	0.00111133	0.0012
10	4.15152	0.00117964	0.0012
10	4.6259	0.00125281	0.0012
10	5.1545	0.00133188	0.0012
10	5.74349	0.0014127	0.0012
10	6.39979	0.00151759	0.0012
10	7.13108	0.00162916	0.0013
10	7.94594	0.00175714	0.0013
10	8.8539	0.00188814	0.0013
10	9.86562	0.00205488	0.0012
10	10.9929	0.00223121	0.0012
10	12.2491	0.00242732	0.0012
10	13.6488	0.00263858	0.0012
10	15.2084	0.002895	0.0012
10	16.9462	0.00315464	0.0012
10	18.8826	0.00338694	0.0012
10	21.0403	0.00357483	0.0012
10	23.4446	0.00359946	0.0012
10	26.1235	0.00310836	0.0013
10	29.1086	0.00152108	0.0019
10	32.4348	0.000138731	0.0057
10	36.1411	3.15501e-05	0.0135
10	40.2708	1.59051e-05	0.0191
10	44.8725	5.11305e-06	0.0336
10	50.0	4.53713e-07	0.1025
11	0.001	0.0	0.0
11	0.00111427	7.60414e-06	0.0004
11	0.00124159	8.01035e-06	0.0004
11	0.00138347	8.42214e-06	0.0004
11	0.00154155	8.90792e-06	0.0004
11	0.0017177	9.5336e-06	0.0004
11	0.00191398	1.00957e-05	0.0004
11	0.00213269	1.06823e-05	0.0004
11	0.00237639	1.13673e-05	0.0004
11	0.00264793	1.22516e-05	0.0004
11	0.00295051	1.304e-05	0.0004
11	0.00328766	1.38631e-05	0.0004
11	0.00366333	1.48107e-05	0.0004
11	0.00408194	1.60467e-05	0.0004
11	0.00454837	1.71476e-05	0.0004
11	0.0050681	1.83044e-05	0.0004
11	0.00564723	1.96206e-05	0.0004
11	0.00629252	2.1345e-05	0.0004
11	0.00701156	2.2882e-05	0.0004
11	0.00781276	2.45102e-05	0.0004
11	0.00870551	2.63431e-05	0.0004
11	0.00970027	2.8737e-05	0.0004
11	0.0108087	3.08802e-05	0.0004
11	0.0120438	3.31676e-05	0.0004
11	0.01342	3.57071e-05	0.0004
11	0.0149535	3.90811e-05	0.0004
11	0.0166622	4.21011e-05	0.0004
11	0.0185662	4.53211e-05	0.0004
11	0.0206877	4.88528e-05	0.0005
11	0.0230516	5.35749e-05	0.0005
11	0.0256857	5.77896e-05	0.0005
11	0.0286207	6.22761e-05	0.0005
11	0.0318912	6.71374e-05	0.0005
11	0.0355353	7.36424e-05	0.0005
11	0.0395959	7.9411e-05	0.0005
11	0.0441204	8.55206e-05	0.0005
11	0.049162	9.20156e-05	0.0005
11	0.0547796	0.000100698	0.0005
11	0.0610392	0.000108315	0.0005
11	0.068014	0.000116387	0.0005
11	0.0757858	0.000124908	0.0005
11	0.0844457	0.000136337	0.0005
11	0.0940952	0.000146389	0.0005
11	0.104847	0.000157138	0.0006
11	0.116828	0.000168232	0.0006
11	0.130178	0.000183137	0.0006
11	0.145053	0.000196325	0.0006
11	0.161628	0.000210132	0.0006
11	0.180097	0.000224192	0.0006
11	0.200676	0.000242651	0.0006
11	0.223607	0.000258948	0.0006
11	0.249158	0.000275751	0.0007
11	0.277629	0.00029236	0.0007
11	0.309353	0.000313865	0.0007
11	0.344702	0.000331848	0.0007
11	0.38409	0.00035048	0.0007
11	0.42798	0.000369408	0.0008
11	0.476884	0.000394423	0.0008
11	0.531377	0.000416221	0.0008
11	0.592096	0.000438324	0.0008
11	0.659754	0.000459183	0.0009
11	0.735143	0.000486806	0.0009
11	0.819146	0.000511379	0.0009
11	0.912748	0.0005365	0.0009
11	1.01705	0.000560292	0.0009
11	1.13326	0.000591524	0.001
11	1.26276	0.000620311	0.001
11	1.40705	0.000650141	0.001
11	1.56783	0.000678719	0.001
11	1.74699	0.000715712	0.0011
11	1.94661	0.000752036	0.0011
11	2.16905	0.00079009	0.0011
11	2.4169	0.00082616	0.0011
11	2.69307	0.000873648	0.0012
11	3.00081	0.000921721	0.0012
11	3.3437	0.000972661	0.0012
11	3.72578	0.0010226	0.0012
11	4.15152	0.0010893	0.0012
11	4.6259	0.00115712	0.0013
11	5.1545	0.0012331	0.0013
11	5.74349	0.00130812	0.0013
11	6.39979	0.00140756	0.0013
11	7.13108	0.00150994	0.0013
11	7.94594	0.00162047	0.0013
11	8.8539	0.0017287	0.0013
11	9.86562	0.00187108	0.0013
11	10.9929	0.00201629	0.0013
11	12.2491	0.00218029	0.0013
11	13.6488	0.00234115	0.0013
11	15.2084	0.00251356	0.0013
11	16.9462	0.00265335	0.0013
11	18.8826	0.0027447	0.0013
11	21.0403	0.00268532	0.0014
11	23.4446	0.00232109	0.0015
11	26.1235	0.00135961	0.002
11	29.1086	0.000264827	0.0043
11	32.4348	5.04181e-05	0.0106
11	36.1411	3.01503e-05	0.0138
11	40.2708	1.52879e-05	0.0194
11	44.8725	4.56971e-06	0.0344
11	50.0	5.79186e-07	0.0894
12	0.001	0.0	0.0
12	0.00111427	6.1855e-06	0.0005
12	0.00124159	6.51599e-06	0.0005
12	0.00138347	6.85172e-06	0.0005
12	0.00154155	7.24706e-06	0.0005
12	0.0017177	7.75552e-06	0.0005
12	0.00191398	8.21288e-06	0.0005
12	0.00213269	8.69056e-06	0.0005
12	0.00237639	9.24824e-06	0.0005
12	0.00264793	9.96903e-06	0.0005
12	0.00295051	1.06104e-05	0.0005
12	0.00328766	1.12826e-05	0.0005
12	0.00366333	1.20544e-05	0.0005
12	0.00408194	1.30614e-05	0.0005
12	0.00454837	1.39576e-05	0.0005
12	0.0050681	1.48998e-05	0.0005
12	0.00564723	1.59738e-05	0.0005
12	0.00629252	1.73812e-05	0.0005
12	0.00701156	1.8638e-05	0.0005
12	0.00781276	1.99672e-05	0.0005
12	0.00870551	2.14619e-05	0.0005
12	0.00970027	2.34166e-05	0.0005
12	0.0108087	2.51768e-05	0.0005
12	0.0120438	2.70521e-05	0.0005
12	0.01342	2.91293e-05	0.0005
12	0.0149535	3.18984e-05	0.0005
12	0.0166622	3.43796e-05	0.0005
12	0.0185662	3.70296e-05	0.0005
12	0.0206877	3.99404e-05	0.0005
12	0.0230516	4.38245e-05	0.0005
12	0.0256857	4.72932e-05	0.0005
12	0.0286207	5.1006e-05	0.0005
12	0.0318912	5.5035e-05	0.0005
12	0.0355353	6.04214e-05	0.0005
12	0.0395959	6.52161e-05	0.0005
12	0.0441204	7.03086e-05	0.0005
12	0.049162	7.57531e-05	0.0006
12	0.0547796	8.29716e-05	0.0006
12	0.0610392	8.93888e-05	0.0006
12	0.068014	9.61783e-05	0.0006
12	0.0757858	0.000103331	0.0006
12	0.0844457	0.000112947	0.0006
12	0.0940952	0.000121532	0.0006
12	0.104847	0.000130574	0.0006
12	0.116828	0.000140092	0.0006
12	0.130178	0.000152784	0.0006
12	0.145053	0.000164072	0.0007
12	0.161628	0.000175933	0.0007
12	0.180097	0.000188126	0.0007
12	0.200676	0.000204267	0.0007
12	0.223607	0.000218428	0.0007
12	0.249158	0.000233071	0.0007
12	0.277629	0.000247819	0.0008
12	0.309353	0.000266715	0.0008
12	0.344702	0.000282878	0.0008
12	0.38409	0.00029968	0.0008
12	0.42798	0.000316966	0.0008
12	0.476884	0.00033911	0.0009
12	0.531377	0.000358871	0.0009
12	0.592096	0.000379165	0.0009
12	0.659754	0.000398867	0.0009
12	0.735143	0.000423969	0.0009
12	0.819146	0.000446652	0.001
12	0.912748	0.000470267	0.001
12	1.01705	0.000492234	0.001
12	1.13326	0.000521117	0.001
12	1.26276	0.000547842	0.0011
12	1.40705	0.000576006	0.0011
12	1.56783	0.000603352	0.0011
12	1.74699	0.000637399	0.0011
12	1.94661	0.000670861	0.0012
12	2.16905	0.000707338	0.0012
12	2.4169	0.000741758	0.0012
12	2.69307	0.000785982	0.0012
12	3.00081	0.000829582	0.0013
12	3.3437	0.000877436	0.0013
12	3.72578	0.000924056	0.0013
12	4.15152	0.000984549	0.0013
12	4.6259	0.00104481	0.0013
12	5.1545	0.00111397	0.0013
12	5.74349	0.0011796	0.0014
12	6.39979	0.00125981	0.0014
12	7.13108	0.00134466	0.0014
12	7.94594	0.00143605	0.0014
12	8.8539	0.00152724	0.0014
12	9.86562	0.00163917	0.0014
12	10.9929	0.00174659	0.0014
12	12.2491	0.00185599	0.0014
12	13.6488	0.00194801	0.0014
12	15.2084	0.00202789	0.0015
12	16.9462	0.00205321	0.0015
12	18.8826	0.001963	0.0016
12	21.0403	0.00166899	0.0018
12	23.4446	0.00106211	0.0023
12	26.1235	0.000321809	0.004
12	29.1086	7.37099e-05	0.0086
12	32.4348	4.72803e-05	0.011
12	36.1411	2.84401e-05	0.0142
12	40.2708	1.43506e-05	0.0201
12	44.8725	4.76441e-06	0.0343
12	50.0	5.02339e-07	0.0931
13	0.001	0.0	0.0
13	0.00111427	4.9274e-06	0.0006
13	0.00124159	5.19138e-06	0.0006
13	0.00138347	5.45786e-06	0.0006
13	0.00154155	5.77333e-06	0.0006
13	0.0017177	6.17906e-06	0.0006
13	0.00191398	6.54394e-06	0.0006
13	0.00213269	6.92419e-06	0.0006
13	0.00237639	7.36902e-06	0.0006
13	0.00264793	7.94323e-06	0.0006
13	0.00295051	8.455e-06	0.0006
13	0.00328766	8.99218e-06	0.0006
13	0.00366333	9.60851e-06	0.0006
13	0.00408194	1.04122e-05	0.0006
13	0.00454837	1.1128e-05	0.0006
13	0.0050681	1.18819e-05	0.0006
13	0.00564723	1.27385e-05	0.0006
13	0.00629252	1.38643e-05	0.0006
13	0.00701156	1.48691e-05	0.0006
13	0.00781276	1.59337e-05	0.0006
13	0.00870551	1.71306e-05	0.0006
13	0.00970027	1.86985e-05	0.0006
13	0.0108087	2.01074e-05	0.0006
13	0.0120438	2.16162e-05	0.0006
13	0.01342	2.32889e-05	0.0006
13	0.0149535	2.55175e-05	0.0006
13	0.0166622	2.7514e-05	0.0006
13	0.0185662	2.96548e-05	0.0006
13	0.0206877	3.20057e-05	0.0006
13	0.0230516	3.51424e-05	0.0006
13	0.0256857	3.7955e-05	0.0006
13	0.0286207	4.09739e-05	0.0006
13	0.0318912	4.42672e-05	0.0006
13	0.0355353	4.86532e-05	0.0006
13	0.0395959	5.25661e-05	0.0006
13	0.0441204	5.67497e-05	0.0006
13	0.049162	6.12351e-05	0.0006
13	0.0547796	6.71666e-05	0.0006
13	0.0610392	7.24453e-05	0.0006
13	0.068014	7.80549e-05	0.0007
13	0.0757858	8.40141e-05	0.0007
13	0.0844457	9.19865e-05	0.0007
13	0.0940952	9.915e-05	0.0007
13	0.104847	0.000106791	0.0007
13	0.116828	0.000114798	0.0007
13	0.130178	0.000125449	0.0007
13	0.145053	0.000135009	0.0007
13	0.161628	0.00014504	0.0007
13	0.180097	0.00015552	0.0008
13	0.200676	0.000169245	0.0008
13	0.223607	0.000181491	0.0008
13	0.249158	0.000194173	0.0008
13	0.277629	0.000207017	0.0008
13	0.309353	0.000223321	0.0008
13	0.344702	0.000237466	0.0009
13	0.38409	0.000252214	0.0009
13	0.42798	0.000267713	0.0009
13	0.476884	0.000287479	0.0009
13	0.531377	0.000305197	0.001
13	0.592096	0.000323476	0.001
13	0.659754	0.000341067	0.001
13	0.735143	0.00036327	0.001
13	0.819146	0.00038417	0.001
13	0.912748	0.000405957	0.0011
13	1.01705	0.000426617	0.0011
13	1.13326	0.000452493	0.0011
13	1.26276	0.000476773	0.0011
13	1.40705	0.000502541	0.0012
13	1.56783	0.000527532	0.0012
13	1.74699	0.000558525	0.0012
13	1.94661	0.000588333	0.0012
13	2.16905	0.000620495	0.0013
13	2.4169	0.000651357	0.0013
13	2.69307	0.000691044	0.0013
13	3.00081	0.000730206	0.0013
13	3.3437	0.000771371	0.0014
13	3.72578	0.000811634	0.0014
13	4.15152	0.000862567	0.0014
13	4.6259	0.000913558	0.0014
13	5.1545	0.000968408	0.0014
13	5.74349	0.00102227	0.0015
13	6.39979	0.00109222	0.0015
13	7.13108	0.00115916	0.0015
13	7.94594	0.0012298	0.0015
13	8.8539	0.00129077	0.0015
13	9.86562	0.00136787	0.0015
13	10.9929	0.00143667	0.0016
13	12.2491	0.00148524	0.0016
13	13.6488	0.00150444	0.0016
13	15.2084	0.00149684	0.0017
13	16.9462	0.00139364	0.0018
13	18.8826	0.00116717	0.0021
13	21.0403	0.000770376	0.0026
13	23.4446	0.000306678	0.0041
13	26.1235	9.7431e-05	0.0073
13	29.1086	6.59647e-05	0.0092
13	32.4348	4.48399e-05	0.0112
13	36.1411	2.77309e-05	0.0144
13	40.2708	1.33913e-05	0.0207
13	44.8725	4.55634e-06	0.0354
13	50.0	4.53749e-07	0.1047
14	0.001	0.0	0.0
14	0.00111427	3.85297e-06	0.0007
14	0.00124159	4.05981e-06	0.0007
14	0.00138347	4.26839e-06	0.0007
14	0.00154155	4.51505e-06	0.0007
14	0.0017177	4.83262e-06	0.0007
14	0.00191398	5.1181e-06	0.0007
14	0.00213269	5.41568e-06	0.0007
14	0.00237639	5.76397e-06	0.0007
14	0.00264793	6.21371e-06	0.0007
14	0.00295051	6.61523e-06	0.0007
14	0.00328766	7.03552e-06	0.0007
14	0.00366333	7.51893e-06	0.0007
14	0.00408194	8.14763e-06	0.0007
14	0.00454837	8.70795e-06	0.0007
14	0.0050681	9.29913e-06	0.0007
14	0.00564723	9.97091e-06	0.0007
14	0.00629252	1.08558e-05	0.0007
14	0.00701156	1.16461e-05	0.0007
14	0.00781276	1.24823e-05	0.0007
14	0.00870551	1.34285e-05	0.0007
14	0.00970027	1.46591e-05	0.0007
14	0.0108087	1.57731e-05	0.0007
14	0.0120438	1.69607e-05	0.0007
14	0.01342	1.82855e-05	0.0007
14	0.0149535	2.00445e-05	0.0007
14	0.0166622	2.1631e-05	0.0007
14	0.0185662	2.33252e-05	0.0007
14	0.0206877	2.51959e-05	0.0007
14	0.0230516	2.76859e-05	0.0007
14	0.0256857	2.99432e-05	0.0007
14	0.0286207	3.23571e-05	0.0007
14	0.0318912	3.49976e-05	0.0007
14	0.0355353	3.8504e-05	0.0007
14	0.0395959	4.16655e-05	0.0007
14	0.0441204	4.5042e-05	0.0007
14	0.049162	4.86602e-05	0.0007
14	0.0547796	5.34793e-05	0.0007
14	0.0610392	5.77418e-05	0.0007
14	0.068014	6.23515e-05	0.0007
14	0.0757858	6.72315e-05	0.0007
14	0.0844457	7.37387e-05	0.0008
14	0.0940952	7.9601e-05	0.0008
14	0.104847	8.59238e-05	0.0008
14	0.116828	9.25576e-05	0.0008
14	0.130178	0.000101421	0.0008
14	0.145053	0.000109411	0.0008
14	0.161628	0.000117894	0.0008
14	0.180097	0.000126711	0.0008
14	0.200676	0.000138238	0.0009
14	0.223607	0.000148587	0.0009
14	0.249158	0.000159525	0.0009
14	0.277629	0.000170408	0.0009
14	0.309353	0.000184307	0.0009
14	0.344702	0.000196452	0.001
14	0.38409	0.000209216	0.001
14	0.42798	0.000222476	0.001
14	0.476884	0.000239466	0.001
14	0.531377	0.000254908	0.001
14	0.592096	0.000271188	0.0011
14	0.659754	0.000287083	0.0011
14	0.735143	0.000306739	0.0011
14	0.819146	0.000324873	0.0011
14	0.912748	0.000343696	0.0012
14	1.01705	0.000361961	0.0012
14	1.13326	0.000385187	0.0012
14	1.26276	0.000406758	0.0012
14	1.40705	0.000429412	0.0013
14	1.56783	0.00045131	0.0013
14	1.74699	0.000477799	0.0013
14	1.94661	0.000504722	0.0013
14	2.16905	0.000532824	0.0014
14	2.4169	0.000559034	0.0014
14	2.69307	0.000592674	0.0014
14	3.00081	0.000626139	0.0014
14	3.3437	0.000661651	0.0015
14	3.72578	0.000695031	0.0015
14	4.15152	0.000737617	0.0015
14	4.6259	0.000779301	0.0015
14	5.1545	0.000822261	0.0016
14	5.74349	0.000863224	0.0016
14	6.39979	0.000911428	0.0016
14	7.13108	0.000958433	0.0016
14	7.94594	0.00100265	0.0017
14	8.8539	0.00104172	0.0017
14	9.86562	0.00107896	0.0017
14	10.9929	0.00109601	0.0018
14	12.2491	0.00109945	0.0019
14	13.6488	0.0010578	0.002
14	15.2084	0.000966352	0.0021
14	16.9462	0.000794945	0.0024
14	18.8826	0.000536151	0.003
14	21.0403	0.00025953	0.0044
14	23.4446	0.000116037	0.0066
14	26.1235	8.3002e-05	0.0081
14	29.1086	6.22167e-05	0.0094
14	32.4348	4.35494e-05	0.0114
14	36.1411	2.63735e-05	0.0147
14	40.2708	1.29336e-05	0.0211
14	44.8725	4.47354e-06	0.0356
14	50.0	3.82366e-07	0.1077
15	0.001	0.0	0.0
15	0.00111427	2.97417e-06	0.0008
15	0.00124159	3.13358e-06	0.0008
15	0.00138347	3.29475e-06	0.0008
15	0.00154155	3.48553e-06	0.0008
15	0.0017177	3.7306e-06	0.0008
15	0.00191398	3.95119e-06	0.0008
15	0.00213269	4.18133e-06	0.0008
15	0.00237639	4.44982e-06	0.0008
15	0.00264793	4.79753e-06	0.0008
15	0.00295051	5.10733e-06	0.0008
15	0.00328766	5.4333e-06	0.0008
15	0.00366333	5.80743e-06	0.0008
15	0.00408194	6.2946e-06	0.0008
15	0.00454837	6.73004e-06	0.0008
15	0.0050681	7.1878e-06	0.0008
15	0.00564723	7.70954e-06	0.0008
15	0.00629252	8.39443e-06	0.0008
15	0.00701156	9.00893e-06	0.0008
15	0.00781276	9.65817e-06	0.0008
15	0.00870551	1.03935e-05	0.0008
15	0.00970027	1.13523e-05	0.0008
15	0.0108087	1.22218e-05	0.0008
15	0.0120438	1.3148e-05	0.0008
15	0.01342	1.41871e-05	0.0008
15	0.0149535	1.55631e-05	0.0008
15	0.0166622	1.68041e-05	0.0008
15	0.0185662	1.8134e-05	0.0008
15	0.0206877	1.9605e-05	0.0008
15	0.0230516	2.15659e-05	0.0008
15	0.0256857	2.33427e-05	0.0008
15	0.0286207	2.52593e-05	0.0008
15	0.0318912	2.73473e-05	0.0008
15	0.0355353	3.01355e-05	0.0008
15	0.0395959	3.26606e-05	0.0008
15	0.0441204	3.53543e-05	0.0008
15	0.049162	3.82693e-05	0.0008
15	0.0547796	4.21218e-05	0.0008
15	0.0610392	4.55943e-05	0.0008
15	0.068014	4.92973e-05	0.0008
15	0.0757858	5.32647e-05	0.0008
15	0.0844457	5.85337e-05	0.0009
15	0.0940952	6.33459e-05	0.0009
15	0.104847	6.85282e-05	0.0009
15	0.116828	7.39639e-05	0.0009
15	0.130178	8.12303e-05	0.0009
15	0.145053	8.78633e-05	0.0009
15	0.161628	9.49522e-05	0.0009
15	0.180097	0.000102334	0.001
15	0.200676	0.00011193	0.001
15	0.223607	0.000120688	0.001
15	0.249158	0.000129757	0.001
15	0.277629	0.000139082	0.001
15	0.309353	0.000150901	0.001
15	0.344702	0.000160976	0.0011
15	0.38409	0.000171829	0.0011
15	0.42798	0.00018328	0.0011
15	0.476884	0.000197941	0.0011
15	0.531377	0.000211238	0.0011
15	0.592096	0.000225015	0.0012
15	0.659754	0.0002387	0.0012
15	0.735143	0.000255803	0.0012
15	0.819146	0.000271453	0.0012
15	0.912748	0.000287861	0.0013
15	1.01705	0.00030393	0.0013
15	1.13326	0.000323737	0.0013
15	1.26276	0.00034249	0.0014
15	1.40705	0.000362184	0.0014
15	1.56783	0.000380283	0.0014
15	1.74699	0.000403565	0.0014
15	1.94661	0.000425258	0.0015
15	2.16905	0.000448354	0.0015
15	2.4169	0.000469648	0.0015
15	2.69307	0.000497188	0.0016
15	3.00081	0.000523775	0.0016
15	3.3437	0.000551494	0.0016
15	3.72578	0.000577497	0.0016
15	4.15152	0.000610477	0.0017
15	4.6259	0.000640052	0.0017
15	5.1545	0.0006726	0.0017
15	5.74349	0.000698387	0.0018
15	6.39979	0.00073102	0.0018
15	7.13108	0.000756512	0.0019
15	7.94594	0.000778727	0.0019
15	8.8539	0.000788953	0.002
15	9.86562	0.000796025	0.002
15	10.9929	0.000780798	0.0021
15	12.2491	0.000733884	0.0023
15	13.6488	0.000652524	0.0025
15	15.2084	0.000531045	0.0029
15	16.9462	0.00037096	0.0035
15	18.8826	0.000215097	0.0047
15	21.0403	0.000127491	0.0062
15	23.4446	9.89219e-05	0.0073
15	26.1235	7.76701e-05	0.0083
15	29.1086	5.88853e-05	0.0097
15	32.4348	4.1199e-05	0.0117
15	36.1411	2.49619e-05	0.0152
15	40.2708	1.24374e-05	0.0215
15	44.8725	4.13429e-06	0.0365
15	50.0	4.19216e-07	0.1017
16	0.001	0.0	0.0
16	0.00111427	2.28334e-06	0.0009
16	0.00124159	2.40553e-06	0.0009
16	0.00138347	2.52913e-06	0.0009
16	0.00154155	2.67587e-06	0.0009
16	0.0017177	2.86421e-06	0.0009
16	0.00191398	3.03376e-06	0.0009
16	0.00213269	3.21084e-06	0.0009
16	0.00237639	3.41739e-06	0.0009
16	0.00264793	3.68492e-06	0.0009
16	0.00295051	3.92262e-06	0.0009
16	0.00328766	4.17282e-06	0.0009
16	0.00366333	4.46093e-06	0.0009
16	0.00408194	4.83612e-06	0.0009
16	0.00454837	5.1707e-06	0.0009
16	0.0050681	5.52363e-06	0.0009
16	0.00564723	5.92642e-06	0.0009
16	0.00629252	6.45488e-06	0.0009
16	0.00701156	6.9292e-06	0.0009
16	0.00781276	7.43053e-06	0.0009
16	0.00870551	7.99719e-06	0.0009
16	0.00970027	8.7399e-06	0.0009
16	0.0108087	9.41334e-06	0.0009
16	0.0120438	1.01339e-05	0.0009
16	0.01342	1.09406e-05	0.0009
16	0.0149535	1.20116e-05	0.0009
16	0.0166622	1.2981e-05	0.0009
16	0.0185662	1.40223e-05	0.0009
16	0.0206877	1.51714e-05	0.0009
16	0.0230516	1.67101e-05	0.0009
16	0.0256857	1.81015e-05	0.0009
16	0.0286207	1.96094e-05	0.0009
16	0.0318912	2.12629e-05	0.0009
16	0.0355353	2.3457e-05	0.0009
16	0.0395959	2.54668e-05	0.0009
16	0.0441204	2.76284e-05	0.0009
16	0.049162	2.99443e-05	0.0009
16	0.0547796	3.30279e-05	0.0009
16	0.0610392	3.58341e-05	0.0009
16	0.068014	3.88298e-05	0.0009
16	0.0757858	4.20112e-05	0.001
16	0.0844457	4.63107e-05	0.001
16	0.0940952	5.02282e-05	0.001
16	0.104847	5.44516e-05	0.001
16	0.116828	5.89101e-05	0.001
16	0.130178	6.4856e-05	0.001
16	0.145053	7.03212e-05	0.001
16	0.161628	7.61236e-05	0.001
16	0.180097	8.22594e-05	0.0011
16	0.200676	9.0213e-05	0.0011
16	0.223607	9.74966e-05	0.0011
16	0.249158	0.000105016	0.0011
16	0.277629	0.000112883	0.0011
16	0.309353	0.000122695	0.0012
16	0.344702	0.000131284	0.0012
16	0.38409	0.000140344	0.0012
16	0.42798	0.000150088	0.0012
16	0.476884	0.000162425	0.0012
16	0.531377	0.00017373	0.0013
16	0.592096	0.000185543	0.0013
16	0.659754	0.000197241	0.0013
16	0.735143	0.000211319	0.0013
16	0.819146	0.000224618	0.0014
16	0.912748	0.000238598	0.0014
16	1.01705	0.000251991	0.0014
16	1.13326	0.000268567	0.0015
16	1.26276	0.000283727	0.0015
16	1.40705	0.000299795	0.0015
16	1.56783	0.000314798	0.0015
16	1.74699	0.000333338	0.0016
16	1.94661	0.000351385	0.0016
16	2.16905	0.00037005	0.0016
16	2.4169	0.000387203	0.0017
16	2.69307	0.000408754	0.0017
16	3.00081	0.00042848	0.0018
16	3.3437	0.000449531	0.0018
16	3.72578	0.000468112	0.0018
16	4.15152	0.000490429	0.0019
16	4.6259	0.000510354	0.0019
16	5.1545	0.000529853	0.002
16	5.74349	0.000543349	0.002
16	6.39979	0.000560276	0.0021
16	7.13108	0.000569994	0.0021
16	7.94594	0.00057322	0.0022
16	8.8539	0.000561617	0.0023
16	9.86562	0.000540987	0.0025
16	10.9929	0.00050151	0.0027
16	12.2491	0.000441252	0.003
16	13.6488	0.000359238	0.0034
16	15.2084	0.000267498	0.004
16	16.9462	0.000184283	0.005
16	18.8826	0.000136156	0.0059
16	21.0403	0.00011252	0.0067
16	23.4446	9.29676e-05	0.0075
16	26.1235	7.41447e-05	0.0085
16	29.1086	5.55806e-05	0.01
16	32.4348	3.88375e-05	0.0121
16	36.1411	2.41251e-05	0.0154
16	40.2708	1.20425e-05	0.0218
16	44.8725	3.92872e-06	0.0377
16	50.0	4.885e-07	0.099
17	0.001	0.0	0.0
17	0.00111427	1.76551e-06	0.001
17	0.00124159	1.86017e-06	0.001
17	0.00138347	1.95604e-06	0.001
17	0.00154155	2.06926e-06	0.001
17	0.0017177	2.21445e-06	0.001
17	0.00191398	2.3456e-06	0.001
17	0.00213269	2.48271e-06	0.001
17	0.00237639	2.6429e-06	0.001
17	0.00264793	2.84997e-06	0.001
17	0.00295051	3.03447e-06	0.001
17	0.00328766	3.22776e-06	0.001
17	0.00366333	3.45112e-06	0.001
17	0.00408194	3.74204e-06	0.001
17	0.00454837	4.00162e-06	0.001
17	0.0050681	4.27575e-06	0.001
17	0.00564723	4.58794e-06	0.001
17	0.00629252	4.99842e-06	0.001
17	0.00701156	5.36698e-06	0.001
17	0.00781276	5.75842e-06	0.001
17	0.00870551	6.20097e-06	0.001
17	0.00970027	6.77778e-06	0.001
17	0.0108087	7.303e-06	0.001
17	0.0120438	7.86598e-06	0.001
17	0.01342	8.49666e-06	0.001
17	0.0149535	9.33291e-06	0.001
17	0.0166622	1.00979e-05	0.001
17	0.0185662	1.09145e-05	0.001
17	0.0206877	1.18244e-05	0.001
17	0.0230516	1.30358e-05	0.001
17	0.0256857	1.41407e-05	0.001
17	0.0286207	1.53387e-05	0.001
17	0.0318912	1.66523e-05	0.001
17	0.0355353	1.83911e-05	0.001
17	0.0395959	2.00037e-05	0.001
17	0.0441204	2.17151e-05	0.001
17	0.049162	2.35853e-05	0.001
17	0.0547796	2.6051e-05	0.0011
17	0.0610392	2.83171e-05	0.0011
17	0.068014	3.07521e-05	0.0011
17	0.0757858	3.33566e-05	0.0011
17	0.0844457	3.67942e-05	0.0011
17	0.0940952	3.99941e-05	0.0011
17	0.104847	4.34574e-05	0.0011
17	0.116828	4.71702e-05	0.0011
17	0.130178	5.20139e-05	0.0011
17	0.145053	5.65421e-05	0.0011
17	0.161628	6.13885e-05	0.0012
17	0.180097	6.64711e-05	0.0012
17	0.200676	7.30448e-05	0.0012
17	0.223607	7.91191e-05	0.0012
17	0.249158	8.55274e-05	0.0012
17	0.277629	9.19958e-05	0.0013
17	0.309353	0.000100198	0.0013
17	0.344702	0.000107432	0.0013
17	0.38409	0.00011494	0.0013
17	0.42798	0.000123079	0.0013
17	0.476884	0.000133377	0.0014
17	0.531377	0.000142762	0.0014
17	0.592096	0.000152704	0.0014
17	0.659754	0.000162261	0.0015
17	0.735143	0.000174293	0.0015
17	0.819146	0.000185325	0.0015
17	0.912748	0.000196582	0.0015
17	1.01705	0.000207416	0.0016
17	1.13326	0.000220772	0.0016
17	1.26276	0.000233347	0.0016
17	1.40705	0.000246481	0.0017
17	1.56783	0.000258453	0.0017
17	1.74699	0.000273773	0.0017
17	1.94661	0.000287438	0.0018
17	2.16905	0.000301174	0.0018
17	2.4169	0.000313802	0.0019
17	2.69307	0.00032944	0.0019
17	3.00081	0.000343685	0.002
17	3.3437	0.000357911	0.002
17	3.72578	0.000369386	0.0021
17	4.15152	0.000382094	0.0021
17	4.6259	0.000394023	0.0022
17	5.1545	0.000403715	0.0023
17	5.74349	0.000407189	0.0023
17	6.39979	0.000410915	0.0024
17	7.13108	0.000408016	0.0025
17	7.94594	0.000397372	0.0027
17	8.8539	0.000375407	0.0029
17	9.86562	0.000347833	0.0031
17	10.9929	0.000308442	0.0034
17	12.2491	0.000260897	0.0039
17	13.6488	0.000209831	0.0044
17	15.2084	0.00016883	0.0051
17	16.9462	0.000141786	0.0057
17	18.8826	0.000124179	0.0063
17	21.0403	0.000105722	0.0069
17	23.4446	8.70324e-05	0.0077
17	26.1235	7.01245e-05	0.0088
17	29.1086	5.25872e-05	0.0103
17	32.4348	3.64604e-05	0.0124
17	36.1411	2.25522e-05	0.016
17	40.2708	1.13717e-05	0.0225
17	44.8725	3.80316e-06	0.038
17	50.0	4.95395e-07	0.0965
18	0.001	0.0	0.0
18	0.00111427	1.39589e-06	0.0012
18	0.00124159	1.47067e-06	0.0012
18	0.00138347	1.54659e-06	0.0012
18	0.00154155	1.63623e-06	0.0012
18	0.0017177	1.7511e-06	0.0012
18	0.00191398	1.85513e-06	0.0012
18	0.00213269	1.96339e-06	0.0012
18	0.00237639	2.08988e-06	0.0012
18	0.00264793	2.25388e-06	0.0012
18	0.00295051	2.40016e-06	0.0012
18	0.00328766	2.55341e-06	0.0012
18	0.00366333	2.7298e-06	0.0012
18	0.00408194	2.95966e-06	0.0012
18	0.00454837	3.16604e-06	0.0012
18	0.0050681	3.38386e-06	0.0012
18	0.00564723	3.63156e-06	0.0012
18	0.00629252	3.9563e-06	0.0012
18	0.00701156	4.24959e-06	0.0012
18	0.00781276	4.56046e-06	0.0012
18	0.00870551	4.91168e-06	0.0012
18	0.00970027	5.37274e-06	0.0012
18	0.0108087	5.79014e-06	0.0012
18	0.0120438	6.23874e-06	0.0012
18	0.01342	6.7404e-06	0.0012
18	0.0149535	7.41063e-06	0.0012
18	0.0166622	8.01804e-06	0.0012
18	0.0185662	8.67249e-06	0.0012
18	0.0206877	9.39836e-06	0.0012
18	0.0230516	1.03704e-05	0.0012
18	0.0256857	1.12582e-05	0.0012
18	0.0286207	1.2226e-05	0.0012
18	0.0318912	1.32881e-05	0.0012
18	0.0355353	1.47007e-05	0.0012
18	0.0395959	1.5996e-05	0.0012
18	0.0441204	1.73998e-05	0.0012
18	0.049162	1.8931e-05	0.0012
18	0.0547796	2.09486e-05	0.0012
18	0.0610392	2.28059e-05	0.0012
18	0.068014	2.48027e-05	0.0012
18	0.0757858	2.69504e-05	0.0012
18	0.0844457	2.97991e-05	0.0012
18	0.0940952	3.24541e-05	0.0012
18	0.104847	3.53192e-05	0.0012
18	0.116828	3.83812e-05	0.0012
18	0.130178	4.24125e-05	0.0013
18	0.145053	4.61371e-05	0.0013
18	0.161628	5.01529e-05	0.0013
18	0.180097	5.44034e-05	0.0013
18	0.200676	5.98884e-05	0.0013
18	0.223607	6.49107e-05	0.0013
18	0.249158	7.02724e-05	0.0014
18	0.277629	7.56714e-05	0.0014
18	0.309353	8.24305e-05	0.0014
18	0.344702	8.84701e-05	0.0014
18	0.38409	9.48093e-05	0.0015
18	0.42798	0.000101678	0.0015
18	0.476884	0.000110172	0.0015
18	0.531377	0.000118078	0.0015
18	0.592096	0.000126181	0.0016
18	0.659754	0.000134106	0.0016
18	0.735143	0.000143927	0.0016
18	0.819146	0.000152915	0.0017
18	0.912748	0.000162233	0.0017
18	1.01705	0.00017089	0.0017
18	1.13326	0.000181786	0.0018
18	1.26276	0.000191937	0.0018
18	1.40705	0.000201885	0.0019
18	1.56783	0.000211051	0.0019
18	1.74699	0.000222416	0.0019
18	1.94661	0.000232355	0.002
18	2.16905	0.000242875	0.002
18	2.4169	0.000251504	0.0021
18	2.69307	0.000262227	0.0022
18	3.00081	0.000271565	0.0022
18	3.3437	0.000280404	0.0023
18	3.72578	0.000286325	0.0024
18	4.15152	0.000295175	0.0024
18	4.6259	0.000300689	0.0025
18	5.1545	0.000302513	0.0026
18	5.74349	0.000299852	0.0027
18	6.39979	0.000297028	0.0029
18	7.13108	0.000287699	0.003
18	7.94594	0.000275027	0.0032
18	8.8539	0.000254522	0.0035
18	9.86562	0.00023358	0.0038
18	10.9929	0.00020801	0.0042
18	12.2491	0.000183741	0.0046
18	13.6488	0.000162055	0.005
18	15.2084	0.000146777	0.0055
18	16.9462	0.000131373	0.0059
18	18.8826	0.000115186	0.0065
18	21.0403	9.76892e-05	0.0072
18	23.4446	8.1935e-05	0.008
18	26.1235	6.53678e-05	0.0091
18	29.1086	5.00144e-05	0.0105
18	32.4348	3.4442e-05	0.0129
18	36.1411	2.13322e-05	0.0164
18	40.2708	1.07116e-05	0.023
18	44.8725	3.59133e-06	0.0391
18	50.0	3.69646e-07	0.1092
19	0.001	0.0	0.0
19	0.00111427	1.14835e-06	0.0013
19	0.00124159	1.20973e-06	0.0013
19	0.00138347	1.27209e-06	0.0013
19	0.00154155	1.34584e-06	0.0013
19	0.0017177	1.44078e-06	0.0013
19	0.00191398	1.52616e-06	0.0013
19	0.00213269	1.6154e-06	0.0013
19	0.00237639	1.71949e-06	0.0013
19	0.00264793	1.85425e-06	0.0013
19	0.00295051	1.97455e-06	0.0013
19	0.00328766	2.101e-06	0.0013
19	0.00366333	2.2455e-06	0.0013
19	0.00408194	2.43519e-06	0.0013
19	0.00454837	2.60452e-06	0.0013
19	0.0050681	2.78391e-06	0.0013
19	0.00564723	2.98696e-06	0.0013
19	0.00629252	3.25403e-06	0.0013
19	0.00701156	3.49439e-06	0.0013
19	0.00781276	3.75017e-06	0.0013
19	0.00870551	4.03893e-06	0.0013
19	0.00970027	4.41749e-06	0.0013
19	0.0108087	4.76243e-06	0.0013
19	0.0120438	5.13329e-06	0.0013
19	0.01342	5.54738e-06	0.0013
19	0.0149535	6.09784e-06	0.0013
19	0.0166622	6.59932e-06	0.0013
19	0.0185662	7.14215e-06	0.0013
19	0.0206877	7.73929e-06	0.0013
19	0.0230516	8.53987e-06	0.0013
19	0.0256857	9.27174e-06	0.0013
19	0.0286207	1.00692e-05	0.0013
19	0.0318912	1.0945e-05	0.0013
19	0.0355353	1.21147e-05	0.0013
19	0.0395959	1.31988e-05	0.0013
19	0.0441204	1.43681e-05	0.0013
19	0.049162	1.56483e-05	0.0013
19	0.0547796	1.73237e-05	0.0013
19	0.0610392	1.88848e-05	0.0013
19	0.068014	2.05747e-05	0.0013
19	0.0757858	2.23894e-05	0.0013
19	0.0844457	2.48016e-05	0.0013
19	0.0940952	2.70332e-05	0.0013
19	0.104847	2.94801e-05	0.0013
19	0.116828	3.20584e-05	0.0014
19	0.130178	3.54655e-05	0.0014
19	0.145053	3.8659e-05	0.0014
19	0.161628	4.20932e-05	0.0014
19	0.180097	4.56855e-05	0.0014
19	0.200676	5.02964e-05	0.0014
19	0.223607	5.46038e-05	0.0015
19	0.249158	5.91611e-05	0.0015
19	0.277629	6.37491e-05	0.0015
19	0.309353	6.94745e-05	0.0015
19	0.344702	7.45572e-05	0.0016
19	0.38409	7.97591e-05	0.0016
19	0.42798	8.56081e-05	0.0016
19	0.476884	9.27823e-05	0.0016
19	0.531377	9.93999e-05	0.0017
19	0.592096	0.000106205	0.0017
19	0.659754	0.000112886	0.0017
19	0.735143	0.000121047	0.0018
19	0.819146	0.000128664	0.0018
19	0.912748	0.000136199	0.0019
19	1.01705	0.000143237	0.0019
19	1.13326	0.000151878	0.0019
19	1.26276	0.000159598	0.002
19	1.40705	0.000167806	0.002
19	1.56783	0.000174476	0.0021
19	1.74699	0.000183391	0.0022
19	1.94661	0.00019128	0.0022
19	2.16905	0.000198504	0.0023
19	2.4169	0.000204417	0.0023
19	2.69307	0.000212588	0.0024
19	3.00081	0.000218482	0.0025
19	3.3437	0.000223856	0.0026
19	3.72578	0.000226336	0.0027
19	4.15152	0.000230222	0.0028
19	4.6259	0.000231872	0.0029
19	5.1545	0.000231437	0.003
19	5.74349	0.000227444	0.0032
19	6.39979	0.000222606	0.0033
19	7.13108	0.000215267	0.0035
19	7.94594	0.000206517	0.0037
19	8.8539	0.000194074	0.004
19	9.86562	0.000183288	0.0043
19	10.9929	0.000171579	0.0046
19	12.2491	0.000160053	0.0049
19	13.6488	0.000148132	0.0053
19	15.2084	0.000135219	0.0057
19	16.9462	0.000121203	0.0062
19	18.8826	0.000106256	0.0068
19	21.0403	9.23079e-05	0.0074
19	23.4446	7.74281e-05	0.0082
19	26.1235	6.30116e-05	0.0093
19	29.1086	4.76444e-05	0.0108
19	32.4348	3.22199e-05	0.0132
19	36.1411	1.99678e-05	0.0169
19	40.2708	1.04416e-05	0.0236
19	44.8725	3.41119e-06	0.0406
19	50.0	3.57993e-07	0.1104
20	0.001	0.0	0.0
20	0.00111427	9.64794e-07	0.0014
20	0.00124159	1.01656e-06	0.0014
20	0.00138347	1.06896e-06	0.0014
20	0.00154155	1.1309e-06	0.0014
20	0.0017177	1.21041e-06	0.0014
20	0.00191398	1.28184e-06	0.0014
20	0.00213269	1.35667e-06	0.0014
20	0.00237639	1.44398e-06	0.0014
20	0.00264793	1.5566e-06	0.0014
20	0.00295051	1.65743e-06	0.0014
20	0.00328766	1.76294e-06	0.0014
20	0.00366333	1.88483e-06	0.0014
20	0.00408194	2.04383e-06	0.0014
20	0.00454837	2.18551e-06	0.0014
20	0.0050681	2.33545e-06	0.0014
20	0.00564723	2.50627e-06	0.0014
20	0.00629252	2.72983e-06	0.0014
20	0.00701156	2.92895e-06	0.0014
20	0.00781276	3.14394e-06	0.0014
20	0.00870551	3.38478e-06	0.0014
20	0.00970027	3.70141e-06	0.0014
20	0.0108087	3.98659e-06	0.0014
20	0.0120438	4.29595e-06	0.0014
20	0.01342	4.64033e-06	0.0014
20	0.0149535	5.09942e-06	0.0014
20	0.0166622	5.51473e-06	0.0014
20	0.0185662	5.96172e-06	0.0014
20	0.0206877	6.45803e-06	0.0014
20	0.0230516	7.12312e-06	0.0014
20	0.0256857	7.73116e-06	0.0014
20	0.0286207	8.39127e-06	0.0014
20	0.0318912	9.12042e-06	0.0014
20	0.0355353	1.00882e-05	0.0014
20	0.0395959	1.09814e-05	0.0014
20	0.0441204	1.19432e-05	0.0014
20	0.049162	1.29929e-05	0.0014
20	0.0547796	1.43963e-05	0.0014
20	0.0610392	1.56838e-05	0.0014
20	0.068014	1.70883e-05	0.0014
20	0.0757858	1.85924e-05	0.0014
20	0.0844457	2.05871e-05	0.0014
20	0.0940952	2.24414e-05	0.0014
20	0.104847	2.4454e-05	0.0015
20	0.116828	2.66045e-05	0.0015
20	0.130178	2.944e-05	0.0015
20	0.145053	3.2079e-05	0.0015
20	0.161628	3.48826e-05	0.0015
20	0.180097	3.7845e-05	0.0015
20	0.200676	4.1649e-05	0.0016
20	0.223607	4.52073e-05	0.0016
20	0.249158	4.8866e-05	0.0016
20	0.277629	5.2543e-05	0.0016
20	0.309353	5.72171e-05	0.0017
20	0.344702	6.12755e-05	0.0017
20	0.38409	6.56577e-05	0.0017
20	0.42798	7.02852e-05	0.0018
20	0.476884	7.62784e-05	0.0018
20	0.531377	8.16294e-05	0.0018
20	0.592096	8.72113e-05	0.0019
20	0.659754	9.27034e-05	0.0019
20	0.735143	9.93631e-05	0.002
20	0.819146	0.000105533	0.002
20	0.912748	0.000111826	0.002
20	1.01705	0.000117757	0.0021
20	1.13326	0.000125164	0.0021
20	1.26276	0.000131629	0.0022
20	1.40705	0.000138295	0.0023
20	1.56783	0.000144109	0.0023
20	1.74699	0.0001512	0.0024
20	1.94661	0.00015732	0.0024
20	2.16905	0.00016356	0.0025
20	2.4169	0.000168284	0.0026
20	2.69307	0.000174169	0.0027
20	3.00081	0.000179415	0.0027
20	3.3437	0.000182818	0.0028
20	3.72578	0.000185	0.003
20	4.15152	0.000188344	0.0031
20	4.6259	0.000188783	0.0032
20	5.1545	0.000188763	0.0033
20	5.74349	0.000186577	0.0035
20	6.39979	0.000184695	0.0037
20	7.13108	0.000181337	0.0038
20	7.94594	0.000176722	0.0041
20	8.8539	0.00017083	0.0043
20	9.86562	0.000164382	0.0045
20	10.9929	0.000156646	0.0048
20	12.2491	0.00014809	0.0051
20	13.6488	0.000136823	0.0055
20	15.2084	0.00012541	0.0059
20	16.9462	0.000113685	0.0064
20	18.8826	0.000101251	0.0069
20	21.0403	8.77887e-05	0.0076
20	23.4446	7.32987e-05	0.0085
20	26.1235	5.94466e-05	0.0095
20	29.1086	4.4246e-05	0.0112
20	32.4348	3.09465e-05	0.0135
20	36.1411	1.92297e-05	0.0172
20	40.2708	9.72507e-06	0.0243
20	44.8725	3.41037e-06	0.0407
20	50.0	3.2439e-07	0.1157
20	total	0.00630644	0.0015
