wwe:p  1.0000E+02
wwn1:p    1.8926E-01  1.8926E-01  1.1525E-02  1.1786E-03  2.4155E-04
          6.5013E-05  1.9123E-05  5.8771E-06  1.8601E-06  6.0071E-07
          1.9701E-07  6.5368E-08  2.1863E-08  7.3183E-09  2.5083E-09
          8.3652E-10  6.5192E-09  1.0000E+00  1.2902E+00  2.9048E-01
          1.1990E-01  5.0668E-02  2.8291E-02  0.0000E+00 -1.0000E+00
wwe:#  1.0000E+02
wwn1:#    0.0000E+00  0.0000E+00  0.0000E+00  0.0000E+00  0.0000E+00
          0.0000E+00  0.0000E+00  0.0000E+00  0.0000E+00  0.0000E+00
          0.0000E+00  0.0000E+00  0.0000E+00  0.0000E+00  0.0000E+00
          0.0000E+00  0.0000E+00  0.0000E+00  0.0000E+00  0.0000E+00
          0.0000E+00  0.0000E+00  0.0000E+00  0.0000E+00 -1.0000E+00
